 x(1,5,267,9,355) 1
 x(1,9,363,7,431) 1
 x(1,7,441,6,535) 1
 x(1,6,587,2,686) 1
 x(1,2,686,3,753) 1
 x(1,3,774,10,863) 1
 x(1,10,863,8,940) 1
 x(1,8,940,1,1039) 1
 x(1,1,1039,4,1125) 1
 x(1,4,1125,f,1217) 1
 x(2,4,121,7,171) 1
 x(2,6,0,4,72) 1
 x(2,7,242,5,311) 1
 x(2,5,355,3,430) 1
 x(2,3,430,9,524) 1
 x(2,9,711,1,777) 1
 x(2,1,903,2,995) 1
 x(2,2,995,8,1077) 1
 x(2,8,1077,10,1171) 1
 x(2,10,1171,f,1234) 1
 x(3,9,83,1,144) 1
 x(3,10,0,9,83) 1
 x(3,1,144,2,227) 1
 x(3,2,227,7,292) 1
 x(3,7,311,6,375) 1
 x(3,6,469,8,554) 1
 x(3,8,610,5,688) 1
 x(3,5,873,3,958) 1
 x(3,3,958,4,1013) 1
 x(3,4,1013,f,1090) 1
 x(4,3,185,2,253) 1
 x(4,8,91,3,185) 1
 x(4,2,457,5,518) 1
 x(4,5,533,4,632) 1
 x(4,4,632,7,686) 1
 x(4,7,686,6,761) 1
 x(4,6,761,1,827) 1
 x(4,1,827,10,903) 1
 x(4,10,940,9,1003) 1
 x(4,9,1003,f,1070) 1
 x(5,4,0,5,69) 1
 x(5,5,98,10,186) 1
 x(5,10,186,9,268) 1
 x(5,9,268,1,363) 1
 x(5,1,425,3,524) 1
 x(5,3,524,7,591) 1
 x(5,7,591,6,686) 1
 x(5,6,686,8,754) 1
 x(5,8,757,2,824) 1
 x(5,2,1148,f,1234) 1
 x(6,2,0,5,99) 1
 x(6,5,186,6,267) 1
 x(6,6,267,7,331) 1
 x(6,7,375,9,441) 1
 x(6,9,524,3,604) 1
 x(6,3,604,8,684) 1
 x(6,8,688,10,757) 1
 x(6,10,790,4,852) 1
 x(6,4,852,1,931) 1
 x(6,1,1125,f,1213) 1
 x(7,2,99,5,185) 1
 x(7,8,0,2,50) 1
 x(7,5,430,4,527) 1
 x(7,4,527,1,623) 1
 x(7,1,623,9,718) 1
 x(7,9,777,3,874) 1
 x(7,3,874,6,940) 1
 x(7,6,940,7,1039) 1
 x(7,7,1048,10,1100) 1
 x(7,10,1100,f,1171) 1
 x(8,5,0,7,98) 1
 x(8,7,98,4,171) 1
 x(8,4,171,3,253) 1
 x(8,3,253,2,304) 1
 x(8,2,304,6,375) 1
 x(8,6,375,8,469) 1
 x(8,8,469,1,554) 1
 x(8,1,554,9,616) 1
 x(8,9,616,10,711) 1
 x(8,10,711,f,790) 1
 x(9,1,50,7,144) 1
 x(9,7,171,4,242) 1
 x(9,4,253,8,334) 1
 x(9,8,334,2,419) 1
 x(9,2,518,3,584) 1
 x(9,3,684,5,774) 1
 x(9,5,774,6,850) 1
 x(9,6,850,9,908) 1
 x(9,9,908,10,1001) 1
 x(9,10,1003,f,1100) 1
 x(10,1,227,2,286) 1
 x(10,4,71,1,121) 1
 x(10,2,375,9,457) 1
 x(10,9,457,8,524) 1
 x(10,8,554,10,610) 1
 x(10,10,610,7,706) 1
 x(10,7,761,5,819) 1
 x(10,5,958,6,1039) 1
 x(10,6,1039,3,1098) 1
 x(10,3,1098,f,1194) 1
