qtd de cliques: 32
clique 0 tamanho 7
elementos: x(2,4,0)[215], x(2,4,1)[217], x(2,4,2)[219], x(3,4,0)[477], x(3,4,1)[479], x(3,4,2)[481], x(3,4,3)[483], 
clique 1 tamanho 7
elementos: x(2,4,0)[215], x(2,4,1)[217], x(2,4,2)[219], x(2,4,3)[221], x(2,4,4)[223], x(2,4,5)[225], x(3,4,3)[483], 
clique 2 tamanho 9
elementos: x(1,4,17)[109], x(1,4,18)[111], x(4,4,16)[903], x(4,4,17)[905], x(4,4,18)[907], x(4,4,19)[909], x(4,4,20)[911], x(4,4,21)[913], x(4,4,22)[915], 
clique 3 tamanho 9
elementos: x(1,4,18)[111], x(4,4,16)[903], x(4,4,17)[905], x(4,4,18)[907], x(4,4,19)[909], x(4,4,20)[911], x(4,4,21)[913], x(4,4,22)[915], x(4,4,23)[917], 
clique 4 tamanho 12
elementos: x(1,1,25)[166], x(1,1,26)[168], x(1,1,27)[170], x(1,1,28)[172], x(1,1,29)[174], x(1,1,30)[176], x(1,1,31)[178], x(1,1,32)[180], x(1,1,33)[182], x(1,1,34)[184], x(3,1,30)[671], x(3,1,31)[673], 
clique 5 tamanho 17
elementos: x(1,3,6)[54], x(1,3,7)[56], x(1,3,8)[58], x(1,3,9)[60], x(1,3,11)[64], x(1,3,12)[66], x(2,3,8)[288], x(2,3,9)[290], x(2,3,11)[294], x(2,3,12)[296], x(3,3,12)[570], x(4,3,9)[838], x(4,3,10)[840], x(4,3,11)[842], x(4,3,12)[844], x(4,3,13)[846], x(4,3,15)[850], 
clique 6 tamanho 18
elementos: x(1,3,6)[54], x(1,3,7)[56], x(1,3,8)[58], x(1,3,9)[60], x(1,3,11)[64], x(1,3,12)[66], x(2,3,6)[284], x(2,3,8)[288], x(2,3,9)[290], x(2,3,11)[294], x(2,3,12)[296], x(3,3,9)[564], x(3,3,12)[570], x(4,3,9)[838], x(4,3,10)[840], x(4,3,11)[842], x(4,3,12)[844], x(4,3,13)[846], 
clique 7 tamanho 19
elementos: x(1,1,25)[166], x(1,1,26)[168], x(1,1,27)[170], x(1,1,28)[172], x(1,1,29)[174], x(1,1,30)[176], x(1,1,31)[178], x(1,1,32)[180], x(2,1,30)[381], x(3,1,28)[667], x(3,1,29)[669], x(3,1,30)[671], x(3,1,31)[673], x(4,1,24)[827], x(4,1,25)[829], x(4,1,26)[831], x(4,1,27)[833], x(4,1,28)[835], x(4,1,29)[837], 
clique 8 tamanho 18
elementos: x(1,2,14)[29], x(1,2,15)[31], x(1,2,16)[33], x(1,2,17)[35], x(1,2,18)[37], x(2,2,15)[410], x(2,2,16)[412], x(2,2,17)[414], x(2,2,18)[416], x(3,2,14)[704], x(3,2,15)[706], x(3,2,16)[708], x(3,2,17)[710], x(3,2,18)[712], x(3,2,19)[714], x(4,2,16)[956], x(4,2,17)[958], x(4,2,18)[960], 
clique 9 tamanho 18
elementos: x(1,2,17)[35], x(1,2,18)[37], x(2,2,15)[410], x(2,2,16)[412], x(2,2,17)[414], x(2,2,18)[416], x(3,2,14)[704], x(3,2,15)[706], x(3,2,16)[708], x(3,2,17)[710], x(3,2,18)[712], x(3,2,19)[714], x(3,2,20)[716], x(3,2,21)[718], x(3,2,22)[720], x(4,2,16)[956], x(4,2,17)[958], x(4,2,18)[960], 
clique 10 tamanho 18
elementos: x(1,2,15)[31], x(1,2,16)[33], x(1,2,17)[35], x(1,2,18)[37], x(2,2,15)[410], x(2,2,16)[412], x(2,2,17)[414], x(2,2,18)[416], x(3,2,14)[704], x(3,2,15)[706], x(3,2,16)[708], x(3,2,17)[710], x(3,2,18)[712], x(3,2,19)[714], x(3,2,20)[716], x(4,2,16)[956], x(4,2,17)[958], x(4,2,18)[960], 
clique 11 tamanho 18
elementos: x(1,2,16)[33], x(1,2,17)[35], x(1,2,18)[37], x(2,2,15)[410], x(2,2,16)[412], x(2,2,17)[414], x(2,2,18)[416], x(3,2,14)[704], x(3,2,15)[706], x(3,2,16)[708], x(3,2,17)[710], x(3,2,18)[712], x(3,2,19)[714], x(3,2,20)[716], x(3,2,21)[718], x(4,2,16)[956], x(4,2,17)[958], x(4,2,18)[960], 
clique 12 tamanho 17
elementos: x(1,2,18)[37], x(2,2,16)[412], x(2,2,17)[414], x(2,2,18)[416], x(3,2,14)[704], x(3,2,15)[706], x(3,2,16)[708], x(3,2,17)[710], x(3,2,18)[712], x(3,2,19)[714], x(3,2,20)[716], x(3,2,21)[718], x(3,2,22)[720], x(3,2,23)[722], x(4,2,16)[956], x(4,2,17)[958], x(4,2,18)[960], 
clique 13 tamanho 18
elementos: x(2,2,29)[438], x(2,2,30)[440], x(2,2,31)[442], x(2,2,32)[444], x(3,2,32)[740], x(4,2,23)[970], x(4,2,24)[972], x(4,2,25)[974], x(4,2,26)[976], x(4,2,27)[978], x(4,2,28)[980], x(4,2,29)[982], x(4,2,30)[984], x(4,2,31)[986], x(4,2,33)[990], x(4,2,34)[992], x(4,2,35)[994], x(4,2,36)[996], 
clique 14 tamanho 19
elementos: x(2,2,28)[436], x(2,2,29)[438], x(2,2,30)[440], x(2,2,31)[442], x(2,2,32)[444], x(3,2,31)[738], x(3,2,32)[740], x(4,2,23)[970], x(4,2,24)[972], x(4,2,25)[974], x(4,2,26)[976], x(4,2,27)[978], x(4,2,28)[980], x(4,2,29)[982], x(4,2,30)[984], x(4,2,31)[986], x(4,2,33)[990], x(4,2,34)[992], x(4,2,35)[994], 
clique 15 tamanho 21
elementos: x(2,2,26)[432], x(2,2,27)[434], x(2,2,28)[436], x(2,2,29)[438], x(2,2,30)[440], x(2,2,31)[442], x(2,2,32)[444], x(3,2,29)[734], x(3,2,30)[736], x(3,2,31)[738], x(3,2,32)[740], x(4,2,23)[970], x(4,2,24)[972], x(4,2,25)[974], x(4,2,26)[976], x(4,2,27)[978], x(4,2,28)[980], x(4,2,29)[982], x(4,2,30)[984], x(4,2,31)[986], x(4,2,33)[990], 
clique 16 tamanho 20
elementos: x(2,2,27)[434], x(2,2,28)[436], x(2,2,29)[438], x(2,2,30)[440], x(2,2,31)[442], x(2,2,32)[444], x(3,2,30)[736], x(3,2,31)[738], x(3,2,32)[740], x(4,2,23)[970], x(4,2,24)[972], x(4,2,25)[974], x(4,2,26)[976], x(4,2,27)[978], x(4,2,28)[980], x(4,2,29)[982], x(4,2,30)[984], x(4,2,31)[986], x(4,2,33)[990], x(4,2,34)[992], 
clique 17 tamanho 13
elementos: x(1,1,24)[164], x(1,1,25)[166], x(1,1,26)[168], x(1,1,27)[170], x(1,1,28)[172], x(1,1,29)[174], x(1,1,30)[176], x(1,1,31)[178], x(1,1,32)[180], x(2,1,30)[381], x(3,1,28)[667], x(3,1,29)[669], x(3,1,30)[671], 
clique 18 tamanho 18
elementos: x(2,2,19)[418], x(2,2,20)[420], x(2,2,21)[422], x(2,2,22)[424], x(2,2,23)[426], x(2,2,24)[428], x(2,2,25)[430], x(2,2,26)[432], x(2,2,27)[434], x(2,2,28)[436], x(2,2,29)[438], x(2,2,30)[440], x(2,2,31)[442], x(2,2,32)[444], x(4,2,23)[970], x(4,2,24)[972], x(4,2,25)[974], x(4,2,26)[976], 
clique 19 tamanho 18
elementos: x(2,2,18)[416], x(2,2,19)[418], x(2,2,20)[420], x(2,2,21)[422], x(2,2,22)[424], x(2,2,23)[426], x(2,2,24)[428], x(2,2,25)[430], x(2,2,26)[432], x(2,2,27)[434], x(2,2,28)[436], x(2,2,29)[438], x(2,2,30)[440], x(2,2,31)[442], x(2,2,32)[444], x(4,2,23)[970], x(4,2,24)[972], x(4,2,25)[974], 
clique 20 tamanho 18
elementos: x(2,2,16)[412], x(2,2,17)[414], x(2,2,18)[416], x(2,2,19)[418], x(2,2,20)[420], x(2,2,21)[422], x(2,2,22)[424], x(2,2,23)[426], x(2,2,24)[428], x(2,2,25)[430], x(2,2,26)[432], x(2,2,27)[434], x(2,2,28)[436], x(2,2,29)[438], x(2,2,30)[440], x(2,2,31)[442], x(2,2,32)[444], x(4,2,23)[970], 
clique 21 tamanho 17
elementos: x(1,3,8)[58], x(1,3,9)[60], x(1,3,11)[64], x(1,3,12)[66], x(1,3,13)[68], x(1,3,15)[72], x(1,3,16)[74], x(1,3,17)[76], x(1,3,18)[78], x(1,3,19)[80], x(1,3,20)[82], x(2,3,13)[298], x(2,3,15)[302], x(2,3,16)[304], x(2,3,17)[306], x(3,3,16)[578], x(4,3,17)[854], 
clique 22 tamanho 18
elementos: x(1,3,8)[58], x(1,3,9)[60], x(1,3,11)[64], x(1,3,12)[66], x(1,3,13)[68], x(1,3,15)[72], x(1,3,16)[74], x(1,3,17)[76], x(1,3,18)[78], x(1,3,19)[80], x(2,3,12)[296], x(2,3,13)[298], x(2,3,15)[302], x(2,3,16)[304], x(2,3,17)[306], x(3,3,16)[578], x(4,3,16)[852], x(4,3,17)[854], 
clique 23 tamanho 19
elementos: x(1,3,8)[58], x(1,3,9)[60], x(1,3,11)[64], x(1,3,12)[66], x(1,3,13)[68], x(1,3,15)[72], x(1,3,16)[74], x(1,3,17)[76], x(1,3,18)[78], x(2,3,11)[294], x(2,3,12)[296], x(2,3,13)[298], x(2,3,15)[302], x(2,3,16)[304], x(2,3,17)[306], x(3,3,16)[578], x(4,3,15)[850], x(4,3,16)[852], x(4,3,17)[854], 
clique 24 tamanho 18
elementos: x(1,3,12)[66], x(1,3,13)[68], x(1,3,15)[72], x(1,3,16)[74], x(1,3,17)[76], x(1,3,18)[78], x(2,3,11)[294], x(2,3,12)[296], x(2,3,13)[298], x(2,3,15)[302], x(2,3,16)[304], x(2,3,17)[306], x(2,3,18)[308], x(2,3,19)[310], x(2,3,20)[312], x(2,3,21)[314], x(3,3,18)[582], x(4,3,18)[856], 
clique 25 tamanho 19
elementos: x(1,3,12)[66], x(1,3,13)[68], x(1,3,15)[72], x(1,3,16)[74], x(1,3,17)[76], x(1,3,18)[78], x(1,3,19)[80], x(2,3,12)[296], x(2,3,13)[298], x(2,3,15)[302], x(2,3,16)[304], x(2,3,17)[306], x(2,3,18)[308], x(2,3,19)[310], x(2,3,20)[312], x(2,3,21)[314], x(3,3,18)[582], x(4,3,18)[856], x(4,3,19)[858], 
clique 26 tamanho 21
elementos: x(1,3,12)[66], x(1,3,13)[68], x(1,3,15)[72], x(1,3,16)[74], x(1,3,17)[76], x(1,3,18)[78], x(1,3,19)[80], x(1,3,20)[82], x(2,3,13)[298], x(2,3,15)[302], x(2,3,16)[304], x(2,3,17)[306], x(2,3,18)[308], x(2,3,19)[310], x(2,3,20)[312], x(2,3,21)[314], x(3,3,18)[582], x(3,3,20)[586], x(4,3,18)[856], x(4,3,19)[858], x(4,3,20)[860], 
clique 27 tamanho 20
elementos: x(1,3,13)[68], x(1,3,15)[72], x(1,3,16)[74], x(1,3,17)[76], x(1,3,18)[78], x(1,3,19)[80], x(1,3,20)[82], x(2,3,13)[298], x(2,3,15)[302], x(2,3,16)[304], x(2,3,17)[306], x(2,3,18)[308], x(2,3,19)[310], x(2,3,20)[312], x(2,3,21)[314], x(2,3,22)[316], x(3,3,18)[582], x(3,3,20)[586], x(4,3,19)[858], x(4,3,20)[860], 
clique 28 tamanho 18
elementos: x(1,3,13)[68], x(1,3,15)[72], x(1,3,16)[74], x(1,3,17)[76], x(1,3,18)[78], x(1,3,19)[80], x(2,3,12)[296], x(2,3,13)[298], x(2,3,15)[302], x(2,3,16)[304], x(2,3,17)[306], x(2,3,18)[308], x(2,3,19)[310], x(2,3,20)[312], x(2,3,21)[314], x(2,3,22)[316], x(3,3,18)[582], x(4,3,19)[858], 
clique 29 tamanho 18
elementos: x(1,3,15)[72], x(1,3,16)[74], x(1,3,17)[76], x(1,3,18)[78], x(1,3,19)[80], x(1,3,20)[82], x(2,3,13)[298], x(2,3,15)[302], x(2,3,16)[304], x(2,3,17)[306], x(2,3,18)[308], x(2,3,19)[310], x(2,3,20)[312], x(2,3,21)[314], x(2,3,22)[316], x(2,3,23)[318], x(2,3,24)[320], x(3,3,20)[586], 
clique 30 tamanho 18
elementos: x(1,3,15)[72], x(1,3,16)[74], x(1,3,17)[76], x(1,3,18)[78], x(1,3,19)[80], x(1,3,20)[82], x(2,3,13)[298], x(2,3,15)[302], x(2,3,16)[304], x(2,3,17)[306], x(2,3,18)[308], x(2,3,19)[310], x(2,3,20)[312], x(2,3,21)[314], x(2,3,22)[316], x(2,3,23)[318], x(3,3,20)[586], x(4,3,20)[860], 
clique 31 tamanho 17
elementos: x(1,3,16)[74], x(1,3,17)[76], x(1,3,18)[78], x(1,3,19)[80], x(2,3,12)[296], x(2,3,13)[298], x(2,3,15)[302], x(2,3,16)[304], x(2,3,17)[306], x(2,3,18)[308], x(2,3,19)[310], x(2,3,20)[312], x(2,3,21)[314], x(2,3,22)[316], x(2,3,23)[318], x(2,3,24)[320], x(2,3,25)[322], 
