x(2,3,21) x(2,3,22) 
x(2,3,20) x(2,3,21) x(2,3,22) 
x(2,3,19) x(2,3,20) x(2,3,21) x(2,3,22) 
x(2,3,20) x(2,3,21) 
x(3,3,21) x(2,3,19) x(2,3,20) x(2,3,21) 
x(3,3,20) x(3,3,21) x(2,3,19) x(2,3,20) 
x(2,3,17) x(2,3,18) x(2,3,19) x(2,3,20) x(2,3,21) 
x(1,3,15) x(2,3,19) 
x(3,3,19) x(3,3,20) x(2,3,18) x(2,3,19) 
x(2,3,17) x(2,3,18) x(2,3,19) x(2,3,20) 
x(1,3,15) x(3,3,19) x(2,3,17) x(2,3,18) x(2,3,19) 
x(3,3,18) x(3,3,19) x(3,3,20) x(2,3,18) 
x(1,3,14) x(1,3,15) x(2,3,18) 
x(1,3,15) x(3,3,18) x(3,3,19) x(2,3,17) x(2,3,18) 
x(1,3,15) x(2,3,16) x(2,3,17) x(2,3,18) x(2,3,19) 
x(1,3,14) x(1,3,15) x(2,3,17) x(2,3,18) 
x(1,3,15) x(2,3,15) x(2,3,16) x(2,3,17) x(2,3,18) x(2,3,19) 
x(1,3,14) x(1,3,15) x(3,3,17) x(3,3,18) x(2,3,16) x(2,3,17) 
x(1,3,14) x(1,3,15) x(3,3,18) x(2,3,16) x(2,3,17) x(2,3,18) 
x(1,3,14) x(1,3,15) x(2,3,15) x(2,3,16) x(2,3,17) x(2,3,18) 
x(1,3,13) x(1,3,14) x(1,3,15) x(2,3,16) x(2,3,17) 
x(1,3,13) x(1,3,14) x(1,3,15) x(3,3,17) x(2,3,15) x(2,3,16) x(2,3,17) 
x(1,3,14) x(1,3,15) x(2,3,14) x(2,3,15) x(2,3,16) x(2,3,17) x(2,3,18) 
x(1,3,12) x(1,3,13) x(1,3,14) x(1,3,15) x(2,3,16) 
x(1,3,13) x(1,3,14) x(1,3,15) x(2,3,14) x(2,3,15) x(2,3,16) x(2,3,17) 
x(1,3,15) x(2,3,13) x(2,3,14) x(2,3,15) x(2,3,16) x(2,3,17) x(2,3,18) x(2,3,19) 
x(1,3,14) x(1,3,15) x(3,3,15) x(3,3,16) x(3,3,17) x(3,3,18) 
x(1,3,14) x(1,3,15) x(2,3,13) x(2,3,14) x(2,3,15) x(2,3,16) x(2,3,17) x(2,3,18) 
x(1,3,13) x(1,3,14) x(1,3,15) x(2,3,13) x(2,3,14) x(2,3,15) x(2,3,16) x(2,3,17) 
x(1,3,12) x(1,3,13) x(1,3,14) x(1,3,15) x(3,3,15) x(3,3,16) x(2,3,14) x(2,3,15) 
x(1,3,14) x(3,3,14) x(3,3,15) x(3,3,16) x(3,3,17) x(3,3,18) 
x(1,3,10) x(1,3,11) x(1,3,12) x(1,3,13) x(1,3,14) x(1,3,15) 
x(1,3,12) x(1,3,13) x(1,3,14) x(3,3,14) x(3,3,15) x(3,3,16) x(2,3,14) 
x(1,3,12) x(1,3,13) x(1,3,14) x(2,3,12) x(2,3,13) x(2,3,14) x(2,3,15) x(2,3,16) 
x(1,3,10) x(1,3,11) x(1,3,12) x(1,3,13) x(1,3,14) x(1,3,15) x(2,3,14) 
x(1,3,11) x(1,3,12) x(1,3,13) x(1,3,14) x(2,3,12) x(2,3,13) x(2,3,14) x(2,3,15) 
x(1,3,10) x(1,3,11) x(1,3,12) x(1,3,13) x(1,3,14) x(1,3,15) x(2,3,13) x(2,3,14) 
x(1,3,13) x(2,3,11) x(2,3,12) x(2,3,13) x(2,3,14) x(2,3,15) x(2,3,16) x(2,3,17) 
x(1,3,12) x(1,3,13) x(3,3,13) x(3,3,14) x(3,3,15) x(3,3,16) 
x(1,3,9) x(1,3,10) x(1,3,11) x(1,3,12) x(1,3,13) x(1,3,14) x(1,3,15) x(2,3,13) 
x(1,3,15) x(3,3,17) x(3,3,18) x(3,3,19) x(2,3,17) 
x(1,3,9) x(1,3,10) x(1,3,11) x(1,3,12) x(1,3,13) x(1,3,14) x(2,3,12) x(2,3,13) 
x(1,3,9) x(1,3,10) x(1,3,11) x(1,3,12) x(1,3,13) x(3,3,13) x(2,3,11) x(2,3,12) x(2,3,13) 
x(1,3,12) x(3,3,12) x(3,3,13) x(3,3,14) x(3,3,15) x(3,3,16) 
x(1,3,11) x(1,3,12) x(1,3,13) x(1,3,14) x(1,3,15) 
x(1,3,12) x(2,3,10) x(2,3,11) x(2,3,12) x(2,3,13) x(2,3,14) x(2,3,15) x(2,3,16) 
x(1,3,8) x(1,3,9) x(1,3,10) x(1,3,11) x(1,3,12) x(1,3,13) x(1,3,14) x(1,3,15) 
x(1,3,10) x(1,3,11) x(1,3,12) x(3,3,12) x(3,3,13) x(3,3,14) x(2,3,12) 
x(1,3,8) x(1,3,9) x(1,3,10) x(1,3,11) x(1,3,12) x(1,3,13) x(1,3,14) x(2,3,12) 
x(1,3,9) x(1,3,10) x(1,3,11) x(1,3,12) x(2,3,10) x(2,3,11) x(2,3,12) x(2,3,13) 
x(1,3,8) x(1,3,9) x(1,3,10) x(1,3,11) x(1,3,12) x(1,3,13) x(2,3,11) x(2,3,12) 
x(1,3,8) x(1,3,9) x(1,3,10) x(1,3,11) x(1,3,12) x(3,3,12) x(2,3,10) x(2,3,11) x(2,3,12) 
x(1,3,11) x(3,3,11) x(3,3,12) x(3,3,13) x(3,3,14) x(3,3,15) 
x(1,3,11) x(2,3,9) x(2,3,10) x(2,3,11) x(2,3,12) x(2,3,13) x(2,3,14) x(2,3,15) 
x(1,3,7) x(1,3,8) x(1,3,9) x(1,3,10) x(1,3,11) x(1,3,12) x(1,3,13) x(1,3,14) x(1,3,15) 
x(1,3,10) x(1,3,11) x(3,3,11) x(3,3,12) x(3,3,13) x(3,3,14) 
x(1,3,11) x(1,3,12) x(1,3,13) x(1,3,14) x(1,3,15) x(3,3,15) x(2,3,13) x(2,3,14) x(2,3,15) 
x(1,3,10) x(1,3,11) x(2,3,9) x(2,3,10) x(2,3,11) x(2,3,12) x(2,3,13) x(2,3,14) 
x(1,3,7) x(1,3,8) x(1,3,9) x(1,3,10) x(1,3,11) x(1,3,12) x(1,3,13) x(1,3,14) 
x(1,3,9) x(1,3,10) x(1,3,11) x(2,3,9) x(2,3,10) x(2,3,11) x(2,3,12) x(2,3,13) 
x(1,3,7) x(1,3,8) x(1,3,9) x(1,3,10) x(1,3,11) x(1,3,12) x(2,3,10) x(2,3,11) 
x(1,3,6) x(1,3,7) x(1,3,8) x(1,3,9) x(1,3,10) x(1,3,11) x(1,3,12) x(1,3,13) x(1,3,14) 
x(1,3,9) x(1,3,10) x(3,3,10) x(3,3,11) x(3,3,12) x(3,3,13) 
x(1,3,9) x(1,3,10) x(2,3,9) x(2,3,10) x(2,3,11) x(2,3,12) x(2,3,13) 
x(1,3,6) x(1,3,7) x(1,3,8) x(1,3,9) x(1,3,10) x(1,3,11) x(1,3,12) x(1,3,13) 
x(1,3,8) x(1,3,9) x(1,3,10) x(3,3,10) x(3,3,11) x(3,3,12) x(2,3,10) 
x(1,3,6) x(1,3,7) x(1,3,8) x(1,3,9) x(1,3,10) x(1,3,11) x(1,3,12) x(2,3,10) 
x(1,3,9) x(3,3,9) x(3,3,10) x(3,3,11) x(3,3,12) x(3,3,13) 
x(1,3,5) x(1,3,6) x(1,3,7) x(1,3,8) x(1,3,9) x(1,3,10) x(1,3,11) x(1,3,12) x(1,3,13) 
x(1,3,8) x(1,3,9) x(3,3,9) x(3,3,10) x(3,3,11) x(3,3,12) 
x(1,3,8) x(1,3,9) x(2,3,9) x(2,3,10) x(2,3,11) x(2,3,12) 
x(1,3,7) x(1,3,8) x(1,3,9) x(3,3,9) x(3,3,10) x(3,3,11) x(2,3,9) 
x(1,3,5) x(1,3,6) x(1,3,7) x(1,3,8) x(1,3,9) x(1,3,10) x(1,3,11) x(2,3,9) 
x(1,3,6) x(1,3,7) x(1,3,8) x(1,3,9) x(2,3,9) x(2,3,10) 
x(1,3,5) x(1,3,6) x(1,3,7) x(1,3,8) x(1,3,9) x(1,3,10) x(2,3,9) 
x(1,3,4) x(1,3,5) x(1,3,6) x(1,3,7) x(1,3,8) x(1,3,9) x(1,3,10) x(1,3,11) x(1,3,12) 
x(1,3,7) x(1,3,8) x(3,3,8) x(3,3,9) x(3,3,10) x(3,3,11) 
x(1,3,7) x(1,3,8) x(2,3,9) x(2,3,10) x(2,3,11) 
x(1,3,4) x(1,3,5) x(1,3,6) x(1,3,7) x(1,3,8) x(1,3,9) x(1,3,10) x(1,3,11) 
x(1,3,15) x(2,3,18) x(2,3,19) 
x(1,3,5) x(1,3,6) x(1,3,7) x(1,3,8) x(2,3,9) 
x(1,3,6) x(1,3,7) x(1,3,8) x(2,3,9) x(2,3,10) 
x(1,3,4) x(1,3,5) x(1,3,6) x(1,3,7) x(1,3,8) x(3,3,8) 
x(1,3,7) x(3,3,7) x(3,3,8) x(3,3,9) x(3,3,10) x(3,3,11) 
x(1,3,3) x(1,3,4) x(1,3,5) x(1,3,6) x(1,3,7) x(1,3,8) x(1,3,9) x(1,3,10) x(1,3,11) 
x(1,3,6) x(1,3,7) x(3,3,7) x(3,3,8) x(3,3,9) x(3,3,10) 
x(1,3,6) x(1,3,7) x(2,3,9) x(2,3,10) 
x(1,3,13) x(1,3,14) x(1,3,15) x(3,3,15) x(3,3,16) x(3,3,17) x(2,3,15) 
x(1,3,4) x(1,3,5) x(1,3,6) x(1,3,7) 
x(1,3,3) x(1,3,4) x(1,3,5) x(1,3,6) x(1,3,7) x(3,3,7) 
x(2,3,18) x(2,3,19) x(2,3,20) x(2,3,21) 
x(1,3,6) x(3,3,6) x(3,3,7) x(3,3,8) x(3,3,9) x(3,3,10) 
x(1,3,10) x(1,3,11) x(1,3,12) x(1,3,13) x(2,3,11) x(2,3,12) x(2,3,13) x(2,3,14) 
x(1,3,3) x(1,3,4) x(1,3,5) x(1,3,6) x(1,3,7) x(1,3,8) x(1,3,9) x(1,3,10) 
x(1,3,4) x(1,3,5) x(1,3,6) x(3,3,6) x(3,3,7) x(3,3,8) 
x(1,3,3) x(1,3,4) x(1,3,5) x(1,3,6) x(3,3,6) x(3,3,7) 
x(1,3,3) x(1,3,4) x(1,3,5) x(1,3,6) x(3,3,6) 
x(1,3,5) x(1,3,6) x(1,3,7) x(2,3,9) 
x(1,3,6) x(2,3,9) x(2,3,10) 
x(1,3,5) x(3,3,5) x(3,3,6) x(3,3,7) x(3,3,8) x(3,3,9) 
x(1,3,10) x(2,3,9) x(2,3,10) x(2,3,11) x(2,3,12) x(2,3,13) x(2,3,14) 
x(1,3,5) x(2,3,9) 
x(1,3,4) x(1,3,5) x(3,3,5) x(3,3,6) x(3,3,7) x(3,3,8) 
x(1,3,4) x(1,3,5) 
x(1,3,3) x(1,3,4) x(1,3,5) x(3,3,5) 
x(1,3,4) x(3,3,4) x(3,3,5) x(3,3,6) x(3,3,7) x(3,3,8) 
x(1,3,3) x(1,3,4) x(3,3,4) x(3,3,5) x(3,3,6) x(3,3,7) 
x(1,3,3) x(1,3,4) x(3,3,4) x(3,3,5) x(3,3,6) 
x(1,3,3) x(1,3,4) x(3,3,4) x(3,3,5) 
x(1,3,3) x(3,3,3) x(3,3,4) x(3,3,5) x(3,3,6) x(3,3,7) 
x(1,3,6) x(1,3,7) x(1,3,8) x(1,3,9) x(3,3,9) x(3,3,10) x(2,3,9) 
x(1,3,3) x(1,3,4) x(1,3,5) x(1,3,6) x(1,3,7) 
x(1,3,13) x(1,3,14) x(3,3,14) x(3,3,15) x(3,3,16) x(3,3,17) 
x(1,3,3) x(3,3,3) x(3,3,4) x(3,3,5) x(3,3,6) 
x(1,3,3) x(1,3,4) x(1,3,5) x(1,3,6) 
x(1,3,3) x(3,3,3) x(3,3,4) 
x(3,2,16) x(3,2,17) x(3,2,18) 
x(2,2,13) x(3,2,17) 
x(3,2,15) x(3,2,16) x(3,2,17) x(3,2,18) 
x(2,2,13) x(3,2,16) x(3,2,17) 
x(3,2,16) x(3,2,17) 
x(2,1,6) x(2,1,7) x(3,1,5) x(3,1,6) x(3,1,7) x(3,1,8) x(3,1,9) 
x(3,3,21) x(2,3,20) x(2,3,21) 
x(2,1,8) x(3,1,6) x(3,1,7) x(1,1,8) x(3,1,8) x(3,1,9) x(3,1,10) x(3,1,11) 
x(2,1,6) x(3,1,4) x(3,1,5) x(3,1,6) x(3,1,7) x(3,1,8) x(3,1,9) 
x(1,3,14) x(1,3,15) x(3,3,16) x(3,3,17) x(3,3,18) x(2,3,16) 
x(2,2,8) x(2,2,9) x(3,2,9) x(1,2,10) x(2,2,10) x(3,2,10) x(1,2,11) x(2,2,11) x(3,2,11) x(3,2,12) 
x(2,1,5) x(2,1,6) x(3,1,4) x(3,1,5) x(3,1,6) x(3,1,7) 
x(2,1,5) x(2,1,6) x(3,1,4) x(3,1,5) x(3,1,6) 
x(2,2,10) x(2,2,11) x(2,2,12) x(2,2,13) x(3,2,14) 
x(2,1,5) x(3,1,4) x(3,1,5) x(3,1,6) x(3,1,7) x(3,1,8) 
x(2,1,18) x(1,1,19) x(1,1,20) x(3,1,21) 
x(2,1,5) x(3,1,4) x(3,1,5) x(3,1,6) x(3,1,7) 
x(2,1,8) x(1,1,8) x(1,1,9) x(1,1,10) x(1,1,11) 
x(2,1,5) x(2,1,6) x(2,1,7) x(3,1,5) 
x(2,1,16) x(2,1,17) x(2,1,18) x(1,1,15) x(1,1,16) x(1,1,17) x(3,1,17) x(1,1,18) x(3,1,18) x(1,1,19) x(3,1,19) 
x(2,1,5) x(2,1,6) x(2,1,7) x(2,1,8) x(3,1,6) 
x(2,1,5) x(1,1,8) 
x(2,2,5) x(3,2,5) x(2,2,6) x(3,2,6) x(1,2,7) x(2,2,7) x(3,2,7) x(3,2,8) x(3,2,9) 
x(2,1,5) x(3,1,5) 
x(2,1,5) x(3,1,4) x(3,1,5) x(3,1,6) 
x(2,1,14) x(2,1,15) x(2,1,16) x(2,1,17) x(2,1,18) x(1,1,15) x(1,1,16) x(1,1,17) x(3,1,17) 
x(3,2,11) x(3,2,12) x(2,2,13) x(3,2,13) x(3,2,14) x(3,2,15) x(3,2,16) x(3,2,17) 
x(1,2,12) x(2,2,12) x(2,2,13) x(3,2,14) 
x(2,1,5) x(2,1,6) x(2,1,7) x(2,1,8) 
x(1,3,3) x(1,3,4) x(1,3,5) x(1,3,6) x(1,3,7) x(1,3,8) x(1,3,9) 
x(2,1,13) x(2,1,14) x(2,1,15) x(2,1,16) x(2,1,17) x(1,1,13) x(1,1,14) x(1,1,15) x(3,1,15) x(1,1,16) x(3,1,16) 
x(1,1,18) x(1,1,19) x(1,1,20) x(3,1,21) x(3,1,22) 
x(3,1,17) x(1,1,18) x(3,1,18) x(1,1,19) x(3,1,19) x(3,1,20) x(3,1,21) x(3,1,22) 
x(2,1,16) x(2,1,17) x(2,1,18) x(1,1,17) x(1,1,18) x(1,1,19) x(3,1,19) 
x(2,2,12) x(3,2,12) x(2,2,13) x(3,2,13) x(3,2,14) x(3,2,15) x(3,2,16) 
x(1,3,11) x(1,3,12) x(1,3,13) x(1,3,14) x(1,3,15) x(2,3,14) x(2,3,15) 
x(2,1,18) x(1,1,15) x(1,1,16) x(1,1,17) x(1,1,18) x(1,1,19) x(3,1,19) x(1,1,20) 
x(1,3,4) x(1,3,5) x(1,3,6) x(1,3,7) x(3,3,7) x(3,3,8) 
x(2,1,5) x(2,1,6) x(2,1,7) x(2,1,8) x(2,1,9) x(2,1,10) x(2,1,11) x(2,1,12) x(1,1,8) 
x(2,1,9) x(3,1,7) x(1,1,8) x(3,1,8) x(1,1,9) x(3,1,9) x(3,1,10) x(3,1,11) x(3,1,12) 
x(1,3,11) x(1,3,12) x(1,3,13) x(1,3,14) x(1,3,15) x(2,3,15) 
x(2,1,17) x(2,1,18) x(1,1,16) x(1,1,17) x(3,1,17) x(1,1,18) x(3,1,18) x(1,1,19) x(3,1,19) x(3,1,20) 
x(2,1,17) x(2,1,18) x(1,1,20) 
x(2,1,9) x(2,1,10) x(2,1,11) x(1,1,8) x(1,1,9) x(1,1,10) x(3,1,10) x(1,1,11) x(3,1,11) x(1,1,12) 
x(1,3,8) x(1,3,9) x(1,3,10) x(1,3,11) x(3,3,11) x(3,3,12) x(2,3,10) x(2,3,11) 
x(2,2,11) x(2,2,12) x(3,2,12) x(2,2,13) x(3,2,13) x(3,2,14) x(3,2,15) 
x(2,1,17) x(2,1,18) x(1,1,15) x(1,1,16) x(1,1,17) x(1,1,18) x(3,1,18) x(1,1,19) x(3,1,19) x(1,1,20) 
x(2,2,0) x(3,2,0) x(2,2,1) x(3,2,1) x(1,2,2) x(2,2,2) x(3,2,2) x(3,2,3) x(3,2,4) 
x(2,2,0) x(2,2,1) x(2,2,2) x(2,2,3) x(1,2,4) x(2,2,4) x(3,2,4) x(2,2,5) x(2,2,6) 
x(2,1,15) x(2,1,16) x(2,1,17) x(2,1,18) x(1,1,17) x(1,1,18) 
x(2,1,13) x(2,1,14) x(2,1,15) x(2,1,16) x(1,1,12) x(1,1,13) x(1,1,14) x(3,1,14) x(1,1,15) x(3,1,15) x(1,1,16) x(3,1,16) 
x(2,1,16) x(2,1,17) x(2,1,18) x(1,1,15) x(1,1,16) x(3,1,16) x(1,1,17) x(3,1,17) x(1,1,18) x(3,1,18) x(3,1,19) 
x(2,1,18) x(1,1,17) x(1,1,18) x(3,1,18) x(1,1,19) x(3,1,19) x(1,1,20) x(3,1,20) x(3,1,21) 
x(3,1,11) x(3,1,12) x(1,1,13) x(3,1,13) x(3,1,14) x(3,1,15) x(3,1,16) x(3,1,17) 
x(1,3,5) x(1,3,6) x(1,3,7) x(1,3,8) x(1,3,9) x(1,3,10) x(1,3,11) x(1,3,12) 
x(2,2,4) x(3,2,4) x(2,2,5) x(3,2,5) x(1,2,6) x(2,2,6) x(3,2,6) x(3,2,7) x(3,2,8) 
x(2,1,5) x(2,1,6) x(2,1,7) x(2,1,8) x(3,1,6) x(3,1,7) x(1,1,8) x(3,1,8) 
x(1,3,7) x(1,3,8) x(1,3,9) x(1,3,10) x(2,3,9) x(2,3,10) x(2,3,11) 
x(2,1,18) x(3,1,16) x(1,1,17) x(3,1,17) x(1,1,18) x(3,1,18) x(3,1,19) x(3,1,20) x(3,1,21) 
x(1,1,15) x(1,1,16) x(1,1,17) x(1,1,18) x(1,1,19) x(1,1,20) 
x(3,1,15) x(3,1,16) x(1,1,17) x(3,1,17) x(3,1,18) x(3,1,19) x(3,1,20) x(3,1,21) 
x(1,3,3) x(1,3,4) x(3,3,4) 
x(2,1,16) x(2,1,17) x(2,1,18) x(1,1,14) x(1,1,15) x(1,1,16) x(1,1,17) x(3,1,17) x(1,1,18) x(3,1,18) x(1,1,19) 
x(2,1,15) x(2,1,16) x(2,1,17) x(2,1,18) x(1,1,14) x(1,1,15) x(1,1,16) x(3,1,16) x(1,1,17) x(3,1,17) x(1,1,18) x(3,1,18) 
x(3,1,16) x(3,1,17) x(1,1,18) x(3,1,18) x(3,1,19) x(3,1,20) x(3,1,21) x(3,1,22) 
x(1,2,4) x(1,2,5) x(1,2,6) x(2,2,6) x(1,2,7) x(1,2,8) x(1,2,9) x(1,2,10) 
x(1,1,13) x(1,1,14) x(1,1,15) x(1,1,16) x(1,1,17) x(1,1,18) x(1,1,19) x(1,1,20) 
x(1,2,5) x(1,2,6) x(2,2,6) x(1,2,7) x(2,2,7) x(1,2,8) x(1,2,9) x(1,2,10) 
x(2,1,5) x(2,1,6) x(2,1,7) x(3,1,5) x(3,1,6) x(3,1,7) x(3,1,8) 
x(2,1,6) x(2,1,7) x(2,1,8) x(3,1,7) x(1,1,8) x(3,1,8) x(1,1,9) 
x(2,1,8) x(2,1,9) x(2,1,10) x(2,1,11) x(2,1,12) x(1,1,8) x(1,1,9) x(1,1,10) x(3,1,10) x(1,1,11) x(3,1,11) 
x(1,2,0) x(2,2,0) x(3,2,0) x(1,2,1) x(2,2,1) x(3,2,1) x(2,2,2) 
x(1,3,11) x(1,3,12) x(1,3,13) x(1,3,14) x(3,3,14) x(3,3,15) x(2,3,13) x(2,3,14) 
x(2,1,16) x(2,1,17) x(1,1,15) x(3,1,15) x(1,1,16) x(3,1,16) x(1,1,17) x(3,1,17) x(3,1,18) x(3,1,19) 
x(1,3,15) x(3,3,15) x(3,3,16) x(3,3,17) x(3,3,18) x(3,3,19) 
x(1,3,3) x(3,3,3) 
x(2,1,17) x(2,1,18) x(1,1,14) x(1,1,15) x(1,1,16) x(1,1,17) x(1,1,18) x(3,1,18) x(1,1,19) x(1,1,20) 
x(2,1,15) x(2,1,16) x(2,1,17) x(1,1,14) x(1,1,15) x(3,1,15) x(1,1,16) x(3,1,16) x(1,1,17) x(3,1,17) x(3,1,18) 
x(1,2,7) x(2,2,7) x(1,2,8) x(2,2,8) x(1,2,9) x(2,2,9) x(3,2,9) x(1,2,10) x(1,2,11) 
x(1,2,9) x(2,2,9) x(1,2,10) x(2,2,10) x(1,2,11) x(2,2,11) x(3,2,11) x(1,2,12) 
x(1,3,9) x(1,3,10) x(1,3,11) x(3,3,11) x(3,3,12) x(3,3,13) x(2,3,11) 
x(2,1,15) x(2,1,16) x(2,1,17) x(1,1,13) x(1,1,14) x(1,1,15) x(1,1,16) x(3,1,16) x(1,1,17) x(3,1,17) x(1,1,18) 
x(2,1,5) x(2,1,6) x(3,1,6) x(1,1,8) 
x(2,1,5) x(2,1,6) x(3,1,4) x(3,1,5) 
x(2,1,13) x(2,1,14) x(2,1,15) x(2,1,16) x(2,1,17) x(2,1,18) x(1,1,16) 
x(2,1,16) x(3,1,14) x(1,1,15) x(3,1,15) x(1,1,16) x(3,1,16) x(3,1,17) x(3,1,18) x(3,1,19) 
x(2,1,17) x(2,1,18) x(1,1,16) x(3,1,16) x(1,1,17) x(3,1,17) x(1,1,18) x(3,1,18) x(3,1,19) x(3,1,20) 
x(2,1,14) x(2,1,15) x(2,1,16) x(1,1,13) x(1,1,14) x(3,1,14) x(1,1,15) x(3,1,15) x(1,1,16) x(3,1,16) x(3,1,17) 
x(2,1,10) x(2,1,11) x(2,1,12) x(2,1,13) x(2,1,14) x(1,1,10) x(1,1,11) x(1,1,12) x(3,1,12) x(1,1,13) x(3,1,13) 
x(2,1,18) x(1,1,17) x(1,1,18) x(1,1,19) x(3,1,19) x(1,1,20) x(3,1,20) x(3,1,21) 
x(3,1,13) x(3,1,14) x(1,1,15) x(3,1,15) x(3,1,16) x(3,1,17) x(3,1,18) x(3,1,19) 
x(2,1,12) x(2,1,13) x(2,1,14) x(2,1,15) x(2,1,16) x(2,1,17) x(2,1,18) x(1,1,15) 
x(3,3,21) x(2,3,21) 
x(2,1,6) x(1,1,8) x(1,1,9) 
x(2,1,15) x(1,1,11) x(1,1,12) x(1,1,13) x(1,1,14) x(1,1,15) x(1,1,16) x(1,1,17) x(1,1,18) 
x(1,3,7) x(1,3,8) x(1,3,9) x(1,3,10) x(1,3,11) x(3,3,11) x(2,3,9) x(2,3,10) x(2,3,11) 
x(2,1,14) x(2,1,15) x(1,1,13) x(3,1,13) x(1,1,14) x(3,1,14) x(1,1,15) x(3,1,15) x(3,1,16) x(3,1,17) 
x(2,1,12) x(2,1,13) x(2,1,14) x(2,1,15) x(2,1,16) x(2,1,17) x(1,1,13) x(1,1,14) x(1,1,15) x(3,1,15) 
x(1,3,13) x(1,3,14) x(1,3,15) x(3,3,16) x(3,3,17) x(2,3,15) x(2,3,16) 
x(3,1,14) x(3,1,15) x(1,1,16) x(3,1,16) x(3,1,17) x(3,1,18) x(3,1,19) x(3,1,20) 
x(2,1,5) x(2,1,6) x(2,1,7) x(2,1,8) x(3,1,6) x(3,1,7) 
x(2,1,8) x(2,1,9) x(2,1,10) x(2,1,11) x(2,1,12) x(2,1,13) x(1,1,9) x(1,1,10) x(1,1,11) x(3,1,11) 
x(2,1,9) x(2,1,10) x(2,1,11) x(1,1,8) x(1,1,9) x(3,1,9) x(1,1,10) x(3,1,10) x(1,1,11) x(3,1,11) x(3,1,12) 
x(2,1,7) x(2,1,8) x(3,1,6) x(3,1,7) x(1,1,8) x(3,1,8) x(3,1,9) x(3,1,10) 
x(2,1,8) x(2,1,9) x(2,1,10) x(1,1,8) x(1,1,9) x(3,1,9) x(1,1,10) x(3,1,10) x(1,1,11) 
x(2,1,17) x(2,1,18) x(1,1,17) x(1,1,18) x(1,1,19) x(3,1,19) x(1,1,20) x(3,1,20) 
x(2,1,14) x(2,1,15) x(2,1,16) x(2,1,17) x(2,1,18) x(1,1,17) 
x(1,1,12) x(1,1,13) x(1,1,14) x(1,1,15) x(1,1,16) x(1,1,17) x(1,1,18) x(1,1,19) x(1,1,20) 
x(1,3,5) x(1,3,6) x(1,3,7) x(1,3,8) x(3,3,8) x(3,3,9) 
x(2,2,0) x(3,2,0) x(3,2,1) x(3,2,2) x(3,2,3) 
x(1,1,16) x(1,1,17) x(1,1,18) x(1,1,19) x(1,1,20) x(3,1,20) 
x(1,3,4) x(1,3,5) x(1,3,6) x(1,3,7) x(1,3,8) x(1,3,9) 
x(2,2,13) x(3,2,15) x(3,2,16) x(3,2,17) 
x(3,1,8) x(3,1,9) x(1,1,10) x(3,1,10) x(3,1,11) x(3,1,12) x(3,1,13) x(3,1,14) 
x(1,3,9) x(1,3,10) x(1,3,11) x(1,3,12) x(1,3,13) x(1,3,14) x(1,3,15) 
x(2,1,5) x(2,1,6) x(3,1,4) x(3,1,5) x(3,1,6) x(3,1,7) x(3,1,8) 
x(2,1,6) x(2,1,7) x(2,1,8) x(2,1,9) x(2,1,10) x(2,1,11) x(2,1,12) x(2,1,13) x(1,1,9) 
x(2,1,10) x(2,1,11) x(2,1,12) x(2,1,13) x(2,1,14) x(2,1,15) x(2,1,16) x(1,1,12) x(1,1,13) 
x(2,1,12) x(2,1,13) x(2,1,14) x(1,1,11) x(1,1,12) x(3,1,12) x(1,1,13) x(3,1,13) x(1,1,14) x(3,1,14) x(3,1,15) 
x(2,3,19) x(2,3,20) 
x(1,2,0) x(2,2,0) x(1,2,1) x(2,2,1) x(1,2,2) x(1,2,3) x(1,2,4) 
x(2,1,7) x(2,1,8) x(1,1,8) x(3,1,8) x(1,1,9) x(1,1,10) 
x(2,1,10) x(1,1,8) x(1,1,9) x(1,1,10) x(1,1,11) x(1,1,12) x(1,1,13) 
x(1,3,5) x(1,3,6) x(1,3,7) x(3,3,7) x(3,3,8) x(3,3,9) 
x(2,1,16) x(2,1,17) x(2,1,18) x(1,1,19) 
x(2,1,5) x(3,1,4) 
x(3,1,10) x(3,1,11) x(1,1,12) x(3,1,12) x(3,1,13) x(3,1,14) x(3,1,15) x(3,1,16) 
x(2,1,12) x(2,1,13) x(1,1,9) x(1,1,10) x(1,1,11) x(1,1,12) x(1,1,13) x(3,1,13) x(1,1,14) x(1,1,15) 
x(2,2,8) x(2,2,9) x(2,2,10) x(2,2,11) x(2,2,12) x(2,2,13) 
x(2,1,7) x(2,1,8) x(2,1,9) x(2,1,10) x(2,1,11) x(1,1,8) x(1,1,9) x(3,1,9) x(1,1,10) x(3,1,10) 
x(2,1,7) x(2,1,8) x(2,1,9) x(2,1,10) x(1,1,8) x(3,1,8) x(1,1,9) x(3,1,9) x(1,1,10) x(3,1,10) 
x(2,1,17) x(3,1,15) x(1,1,16) x(3,1,16) x(1,1,17) x(3,1,17) x(3,1,18) x(3,1,19) x(3,1,20) 
x(1,2,0) x(1,2,1) x(2,2,1) x(1,2,2) x(2,2,2) x(1,2,3) x(1,2,4) x(1,2,5) 
x(3,2,9) x(2,2,10) x(3,2,10) x(2,2,11) x(3,2,11) x(3,2,12) x(3,2,13) x(3,2,14) 
x(1,3,3) x(1,3,4) x(1,3,5) x(3,3,5) x(3,3,6) x(3,3,7) 
x(2,1,18) x(1,1,16) x(1,1,17) x(1,1,18) x(1,1,19) x(3,1,19) x(1,1,20) x(3,1,20) 
x(1,1,8) x(1,1,9) x(1,1,10) x(1,1,11) x(1,1,12) 
x(1,1,16) x(1,1,17) x(1,1,18) x(1,1,19) x(1,1,20) 
x(2,2,0) x(2,2,1) x(2,2,2) x(2,2,3) x(2,2,4) x(2,2,5) x(2,2,6) x(2,2,7) 
x(2,1,7) x(2,1,8) x(2,1,9) x(2,1,10) x(2,1,11) x(2,1,12) x(2,1,13) x(1,1,9) x(1,1,10) 
x(1,1,17) x(1,1,18) x(1,1,19) x(1,1,20) x(3,1,20) x(3,1,21) 
x(2,1,9) x(2,1,10) x(2,1,11) x(2,1,12) x(1,1,8) x(1,1,9) x(1,1,10) x(3,1,10) x(1,1,11) x(3,1,11) x(1,1,12) x(3,1,12) 
x(2,2,6) x(2,2,7) x(2,2,8) x(2,2,9) x(1,2,10) x(2,2,10) x(3,2,10) x(2,2,11) x(2,2,12) 
x(3,1,12) x(3,1,13) x(1,1,14) x(3,1,14) x(3,1,15) x(3,1,16) x(3,1,17) x(3,1,18) 
x(1,3,5) x(1,3,6) x(3,3,6) x(3,3,7) x(3,3,8) x(3,3,9) 
x(1,1,14) x(1,1,15) x(1,1,16) x(1,1,17) x(1,1,18) x(1,1,19) x(1,1,20) 
x(1,2,2) x(2,2,2) x(1,2,3) x(2,2,3) x(1,2,4) x(2,2,4) x(3,2,4) x(1,2,5) x(1,2,6) 
x(2,1,16) x(2,1,17) x(2,1,18) x(1,1,18) x(1,1,19) 
x(2,1,16) x(1,1,12) x(1,1,13) x(1,1,14) x(1,1,15) x(1,1,16) x(1,1,17) x(1,1,18) x(1,1,19) 
x(2,1,11) x(2,1,12) x(2,1,13) x(1,1,9) x(1,1,10) x(1,1,11) x(1,1,12) x(3,1,12) x(1,1,13) x(3,1,13) x(1,1,14) 
x(2,2,1) x(3,2,1) x(2,2,2) x(3,2,2) x(1,2,3) x(2,2,3) x(3,2,3) x(3,2,4) x(3,2,5) 
x(2,2,4) x(2,2,5) x(2,2,6) x(2,2,7) x(1,2,8) x(2,2,8) x(3,2,8) x(2,2,9) x(2,2,10) 
x(3,1,6) x(3,1,7) x(1,1,8) x(3,1,8) x(3,1,9) x(3,1,10) x(3,1,11) x(3,1,12) 
x(2,1,5) x(2,1,6) x(2,1,7) x(2,1,8) x(2,1,9) x(2,1,10) x(2,1,11) x(1,1,8) 
x(2,1,5) x(2,1,6) x(2,1,7) x(2,1,8) x(2,1,9) x(3,1,7) x(1,1,8) x(3,1,8) 
x(2,1,15) x(2,1,16) x(1,1,12) x(1,1,13) x(1,1,14) x(1,1,15) x(1,1,16) x(3,1,16) x(1,1,17) x(1,1,18) 
x(2,1,11) x(2,1,12) x(1,1,8) x(1,1,9) x(1,1,10) x(1,1,11) x(1,1,12) x(3,1,12) x(1,1,13) x(1,1,14) 
x(3,1,7) x(3,1,8) x(1,1,9) x(3,1,9) x(3,1,10) x(3,1,11) x(3,1,12) x(3,1,13) 
x(1,2,0) x(2,2,0) x(1,2,1) x(2,2,1) x(3,2,1) x(1,2,2) x(2,2,2) x(3,2,2) x(1,2,3) 
x(1,2,9) x(1,2,10) x(1,2,11) x(2,2,11) x(1,2,12) 
x(2,1,13) x(1,1,9) x(1,1,10) x(1,1,11) x(1,1,12) x(1,1,13) x(1,1,14) x(1,1,15) x(1,1,16) 
x(2,1,10) x(3,1,8) x(1,1,9) x(3,1,9) x(1,1,10) x(3,1,10) x(3,1,11) x(3,1,12) x(3,1,13) 
x(2,2,9) x(1,2,10) x(2,2,10) x(1,2,11) x(2,2,11) x(3,2,11) x(1,2,12) x(2,2,12) x(3,2,12) 
x(1,1,10) x(1,1,11) x(1,1,12) x(1,1,13) x(1,1,14) x(1,1,15) x(1,1,16) x(1,1,17) x(1,1,18) 
x(3,2,3) x(2,2,4) x(3,2,4) x(2,2,5) x(3,2,5) x(3,2,6) x(3,2,7) x(3,2,8) 
x(2,1,18) x(1,1,17) x(3,1,17) x(1,1,18) x(3,1,18) x(1,1,19) x(3,1,19) x(3,1,20) x(3,1,21) 
x(2,2,8) x(2,2,9) x(2,2,10) x(1,2,11) x(2,2,11) x(3,2,11) x(1,2,12) x(2,2,12) x(3,2,12) x(2,2,13) 
x(1,3,7) x(2,3,9) x(2,3,10) x(2,3,11) 
x(2,2,11) x(1,2,12) x(2,2,12) x(2,2,13) x(3,2,13) x(3,2,14) 
x(1,3,13) x(1,3,14) x(2,3,12) x(2,3,13) x(2,3,14) x(2,3,15) x(2,3,16) x(2,3,17) 
x(2,1,8) x(2,1,9) x(2,1,10) x(2,1,11) x(1,1,8) x(1,1,9) x(3,1,9) x(1,1,10) x(3,1,10) x(1,1,11) x(3,1,11) 
x(1,2,8) x(1,2,9) x(2,2,9) x(1,2,10) x(2,2,10) x(1,2,11) x(1,2,12) 
x(1,3,8) x(3,3,8) x(3,3,9) x(3,3,10) x(3,3,11) x(3,3,12) 
x(2,1,15) x(2,1,16) x(2,1,17) x(2,1,18) x(1,1,15) x(1,1,16) x(1,1,17) x(3,1,17) x(1,1,18) x(3,1,18) 
x(2,2,0) x(3,2,0) x(1,2,1) x(2,2,1) x(3,2,1) x(3,2,2) x(3,2,3) 
x(2,1,14) x(2,1,15) x(2,1,16) x(2,1,17) x(2,1,18) x(1,1,14) x(1,1,15) x(1,1,16) x(3,1,16) x(1,1,17) x(3,1,17) 
x(2,2,1) x(2,2,2) x(2,2,3) x(2,2,4) x(1,2,5) x(2,2,5) x(3,2,5) x(2,2,6) x(2,2,7) 
x(1,3,3) x(1,3,4) 
x(2,1,17) x(2,1,18) x(1,1,19) x(1,1,20) 
x(3,1,17) x(3,1,18) x(1,1,19) x(3,1,19) x(3,1,20) x(3,1,21) x(3,1,22) 
x(2,1,5) x(2,1,6) x(2,1,7) x(2,1,8) x(2,1,9) 
x(2,1,5) x(2,1,6) x(2,1,7) x(3,1,5) x(3,1,6) 
x(2,1,11) x(1,1,8) x(1,1,9) x(1,1,10) x(1,1,11) x(1,1,12) x(1,1,13) x(1,1,14) 
x(2,1,17) x(2,1,18) x(1,1,16) x(1,1,17) x(1,1,18) x(3,1,18) x(1,1,19) x(3,1,19) x(1,1,20) x(3,1,20) 
x(2,1,12) x(2,1,13) x(2,1,14) x(1,1,10) x(1,1,11) x(1,1,12) x(1,1,13) x(3,1,13) x(1,1,14) x(3,1,14) x(1,1,15) 
x(2,1,18) x(1,1,14) x(1,1,15) x(1,1,16) x(1,1,17) x(1,1,18) x(1,1,19) x(1,1,20) 
x(1,3,7) x(1,3,8) x(1,3,9) x(1,3,10) x(1,3,11) x(1,3,12) x(1,3,13) x(2,3,11) 
x(1,2,10) x(2,2,10) x(1,2,11) x(2,2,11) x(1,2,12) x(2,2,12) x(3,2,12) 
x(2,1,7) x(2,1,8) x(2,1,9) x(3,1,7) x(1,1,8) x(3,1,8) x(1,1,9) x(3,1,9) x(3,1,10) 
x(2,1,6) x(2,1,7) x(2,1,8) x(2,1,9) x(2,1,10) x(1,1,8) x(3,1,8) x(1,1,9) x(3,1,9) 
x(2,3,16) x(2,3,17) x(2,3,18) x(2,3,19) x(2,3,20) 
x(1,3,5) x(1,3,6) x(2,3,9) 
x(2,1,11) x(3,1,9) x(1,1,10) x(3,1,10) x(1,1,11) x(3,1,11) x(3,1,12) x(3,1,13) x(3,1,14) 
x(2,2,6) x(2,2,7) x(1,2,8) x(2,2,8) x(3,2,8) x(1,2,9) x(2,2,9) x(3,2,9) x(1,2,10) x(2,2,10) x(3,2,10) 
x(3,1,4) x(3,1,5) 
x(2,1,7) x(2,1,8) x(2,1,9) x(2,1,10) x(2,1,11) x(2,1,12) x(2,1,13) x(2,1,14) x(1,1,10) 
x(1,3,12) x(1,3,13) x(1,3,14) x(1,3,15) x(2,3,13) x(2,3,14) x(2,3,15) x(2,3,16) 
x(2,1,7) x(2,1,8) x(2,1,9) x(1,1,8) x(3,1,8) x(1,1,9) x(3,1,9) x(1,1,10) 
x(1,3,13) x(1,3,14) x(1,3,15) x(2,3,17) 
x(2,1,9) x(1,1,8) x(1,1,9) x(1,1,10) x(1,1,11) x(1,1,12) 
x(2,2,7) x(2,2,8) x(1,2,9) x(2,2,9) x(3,2,9) x(1,2,10) x(2,2,10) x(3,2,10) x(1,2,11) x(2,2,11) x(3,2,11) 
x(2,1,9) x(2,1,10) x(1,1,8) x(3,1,8) x(1,1,9) x(3,1,9) x(1,1,10) x(3,1,10) x(3,1,11) x(3,1,12) 
x(2,1,11) x(2,1,12) x(2,1,13) x(2,1,14) x(2,1,15) x(2,1,16) x(2,1,17) x(1,1,13) x(1,1,14) 
x(2,2,10) x(1,2,11) x(2,2,11) x(1,2,12) x(2,2,12) x(3,2,12) x(2,2,13) x(3,2,13) 
x(2,1,7) x(3,1,5) x(3,1,6) x(3,1,7) x(3,1,8) x(3,1,9) x(3,1,10) 
x(2,1,12) x(2,1,13) x(2,1,14) x(2,1,15) x(2,1,16) x(2,1,17) x(2,1,18) x(1,1,14) x(1,1,15) 
x(1,3,12) x(1,3,13) x(1,3,14) x(1,3,15) x(2,3,15) x(2,3,16) 
x(2,1,6) x(2,1,7) x(2,1,8) x(2,1,9) x(3,1,7) x(1,1,8) x(3,1,8) x(1,1,9) x(3,1,9) 
x(2,2,6) x(1,2,7) x(2,2,7) x(1,2,8) x(2,2,8) x(3,2,8) x(1,2,9) x(2,2,9) x(3,2,9) x(1,2,10) 
x(2,1,8) x(2,1,9) x(1,1,8) x(1,1,9) x(3,1,9) x(1,1,10) x(1,1,11) 
x(2,1,6) x(2,1,7) x(2,1,8) x(2,1,9) x(2,1,10) x(2,1,11) x(1,1,8) x(1,1,9) x(3,1,9) 
x(2,1,11) x(2,1,12) x(2,1,13) x(2,1,14) x(1,1,10) x(1,1,11) x(1,1,12) x(3,1,12) x(1,1,13) x(3,1,13) x(1,1,14) x(3,1,14) 
x(2,3,18) x(2,3,19) x(2,3,20) x(2,3,21) x(2,3,22) 
x(2,1,10) x(2,1,11) x(1,1,9) x(3,1,9) x(1,1,10) x(3,1,10) x(1,1,11) x(3,1,11) x(3,1,12) x(3,1,13) 
x(2,1,9) x(2,1,10) x(2,1,11) x(2,1,12) x(2,1,13) x(2,1,14) x(1,1,10) x(1,1,11) x(1,1,12) x(3,1,12) 
x(2,1,8) x(2,1,9) x(3,1,7) x(1,1,8) x(3,1,8) x(1,1,9) x(3,1,9) x(3,1,10) x(3,1,11) 
x(2,2,5) x(2,2,6) x(3,2,6) x(1,2,7) x(2,2,7) x(3,2,7) x(1,2,8) x(2,2,8) x(3,2,8) x(3,2,9) 
x(3,2,0) x(2,2,1) x(3,2,1) x(3,2,2) x(3,2,3) x(3,2,4) x(3,2,5) 
x(2,1,14) x(2,1,15) x(2,1,16) x(2,1,17) x(2,1,18) x(1,1,16) x(1,1,17) 
x(2,1,8) x(2,1,9) x(2,1,10) x(2,1,11) x(2,1,12) x(2,1,13) x(2,1,14) x(2,1,15) x(1,1,11) 
x(1,3,14) x(2,3,12) x(2,3,13) x(2,3,14) x(2,3,15) x(2,3,16) x(2,3,17) x(2,3,18) 
x(1,3,7) x(1,3,8) x(1,3,9) x(2,3,9) x(2,3,10) x(2,3,11) 
x(1,3,3) x(1,3,4) x(1,3,5) x(3,3,5) x(3,3,6) 
x(2,1,11) x(2,1,12) x(2,1,13) x(2,1,14) x(2,1,15) x(2,1,16) x(1,1,12) x(1,1,13) x(1,1,14) x(3,1,14) 
x(2,1,15) x(2,1,16) x(2,1,17) x(2,1,18) x(1,1,18) 
x(1,2,0) x(2,2,0) x(3,2,0) x(2,2,1) 
x(2,1,9) x(2,1,10) x(2,1,11) x(2,1,12) x(2,1,13) x(1,1,9) x(1,1,10) x(1,1,11) x(3,1,11) x(1,1,12) x(3,1,12) 
x(2,1,11) x(2,1,12) x(1,1,10) x(3,1,10) x(1,1,11) x(3,1,11) x(1,1,12) x(3,1,12) x(3,1,13) x(3,1,14) 
x(2,1,9) x(2,1,10) x(2,1,11) x(2,1,12) x(2,1,13) x(2,1,14) x(2,1,15) x(1,1,11) x(1,1,12) 
x(1,1,8) x(1,1,9) x(1,1,10) x(1,1,11) x(1,1,12) x(1,1,13) 
x(2,1,12) x(3,1,10) x(1,1,11) x(3,1,11) x(1,1,12) x(3,1,12) x(3,1,13) x(3,1,14) x(3,1,15) 
x(1,3,3) x(1,3,4) x(1,3,5) 
x(1,2,0) x(2,2,0) x(3,2,0) x(1,2,1) x(2,2,1) x(3,2,1) x(1,2,2) 
x(2,1,16) x(2,1,17) x(2,1,18) x(1,1,16) x(1,1,17) x(1,1,18) x(3,1,18) x(1,1,19) x(3,1,19) 
x(1,2,8) x(2,2,8) x(1,2,9) x(2,2,9) x(1,2,10) x(2,2,10) x(3,2,10) x(1,2,11) x(1,2,12) 
x(2,2,13) x(3,2,14) x(3,2,15) x(3,2,16) x(3,2,17) 
x(2,2,0) x(1,2,1) x(2,2,1) x(3,2,1) x(2,2,2) x(2,2,3) 
x(2,1,6) x(2,1,7) x(2,1,8) x(3,1,6) x(3,1,7) x(1,1,8) x(3,1,8) x(3,1,9) 
x(1,1,8) x(1,1,9) x(1,1,10) x(1,1,11) x(1,1,12) x(1,1,13) x(1,1,14) x(1,1,15) x(1,1,16) 
x(1,2,10) x(1,2,11) x(2,2,11) x(1,2,12) x(2,2,12) 
x(1,3,5) x(1,3,6) x(1,3,7) x(1,3,8) x(1,3,9) x(3,3,9) x(2,3,9) 
x(2,1,17) x(1,1,13) x(1,1,14) x(1,1,15) x(1,1,16) x(1,1,17) x(1,1,18) x(1,1,19) x(1,1,20) 
x(2,1,10) x(2,1,11) x(2,1,12) x(1,1,8) x(1,1,9) x(1,1,10) x(1,1,11) x(3,1,11) x(1,1,12) x(3,1,12) x(1,1,13) 
x(2,1,16) x(2,1,17) x(1,1,13) x(1,1,14) x(1,1,15) x(1,1,16) x(1,1,17) x(3,1,17) x(1,1,18) x(1,1,19) 
x(2,1,6) x(2,1,7) x(2,1,8) x(2,1,9) x(2,1,10) x(2,1,11) x(2,1,12) x(1,1,8) x(1,1,9) 
x(2,2,0) x(2,2,1) x(3,2,1) x(1,2,2) x(2,2,2) x(3,2,2) x(1,2,3) x(2,2,3) x(3,2,3) x(3,2,4) 
x(2,2,0) x(1,2,1) x(2,2,1) x(3,2,1) x(1,2,2) x(2,2,2) x(3,2,2) x(1,2,3) x(2,2,3) x(3,2,3) 
x(1,1,18) x(3,1,18) x(1,1,19) x(3,1,19) x(1,1,20) x(3,1,20) x(3,1,21) x(3,1,22) 
x(2,1,11) x(2,1,12) x(2,1,13) x(1,1,10) x(1,1,11) x(3,1,11) x(1,1,12) x(3,1,12) x(1,1,13) x(3,1,13) x(3,1,14) 
x(2,1,10) x(2,1,11) x(2,1,12) x(2,1,13) x(2,1,14) x(2,1,15) x(1,1,11) x(1,1,12) x(1,1,13) x(3,1,13) 
x(3,2,10) x(3,2,11) x(2,2,12) x(3,2,12) x(3,2,13) x(3,2,14) x(3,2,15) x(3,2,16) 
x(2,1,13) x(2,1,14) x(1,1,10) x(1,1,11) x(1,1,12) x(1,1,13) x(1,1,14) x(3,1,14) x(1,1,15) x(1,1,16) 
x(1,3,4) x(1,3,5) x(1,3,6) 
x(2,2,8) x(1,2,9) x(2,2,9) x(1,2,10) x(2,2,10) x(3,2,10) x(1,2,11) x(2,2,11) x(3,2,11) x(1,2,12) 
x(2,1,5) x(2,1,6) x(2,1,7) x(3,1,6) x(3,1,7) x(1,1,8) 
x(1,2,0) x(2,2,0) x(3,2,0) x(1,2,1) x(2,2,1) x(3,2,1) x(3,2,2) 
x(2,1,5) x(2,1,6) x(3,1,5) x(3,1,6) 
x(1,2,6) x(2,2,6) x(1,2,7) x(2,2,7) x(1,2,8) x(2,2,8) x(3,2,8) x(1,2,9) x(1,2,10) 
x(1,3,9) x(1,3,10) x(1,3,11) x(1,3,12) x(3,3,12) x(3,3,13) x(2,3,11) x(2,3,12) 
x(2,1,14) x(2,1,15) x(2,1,16) x(2,1,17) x(1,1,13) x(1,1,14) x(1,1,15) x(3,1,15) x(1,1,16) x(3,1,16) x(1,1,17) x(3,1,17) 
x(2,2,6) x(2,2,7) x(2,2,8) x(1,2,9) x(2,2,9) x(3,2,9) x(1,2,10) x(2,2,10) x(3,2,10) x(2,2,11) 
x(2,1,12) x(2,1,13) x(1,1,11) x(3,1,11) x(1,1,12) x(3,1,12) x(1,1,13) x(3,1,13) x(3,1,14) x(3,1,15) 
x(3,3,19) x(3,3,20) x(3,3,21) x(2,3,19) 
x(3,2,17) x(3,2,18) 
x(2,2,2) x(3,2,2) x(2,2,3) x(3,2,3) x(1,2,4) x(2,2,4) x(3,2,4) x(3,2,5) x(3,2,6) 
x(2,2,9) x(2,2,10) x(3,2,10) x(1,2,11) x(2,2,11) x(3,2,11) x(1,2,12) x(2,2,12) x(3,2,12) x(3,2,13) 
x(2,1,5) x(2,1,6) x(2,1,7) x(3,1,5) x(3,1,6) x(3,1,7) 
x(2,1,5) x(2,1,6) x(2,1,7) x(2,1,8) x(2,1,9) x(2,1,10) x(1,1,8) x(3,1,8) 
x(2,2,7) x(1,2,8) x(2,2,8) x(1,2,9) x(2,2,9) x(3,2,9) x(1,2,10) x(2,2,10) x(3,2,10) x(1,2,11) 
x(2,1,13) x(3,1,11) x(1,1,12) x(3,1,12) x(1,1,13) x(3,1,13) x(3,1,14) x(3,1,15) x(3,1,16) 
x(1,3,12) x(1,3,13) x(2,3,11) x(2,3,12) x(2,3,13) x(2,3,14) x(2,3,15) x(2,3,16) 
x(2,2,9) x(2,2,10) x(2,2,11) x(1,2,12) x(2,2,12) x(3,2,12) x(2,2,13) x(3,2,13) 
x(1,1,8) x(1,1,9) x(1,1,10) x(1,1,11) x(1,1,12) x(1,1,13) x(1,1,14) 
x(1,3,10) x(1,3,11) x(1,3,12) x(1,3,13) x(3,3,13) x(3,3,14) x(2,3,12) x(2,3,13) 
x(2,1,13) x(2,1,14) x(1,1,12) x(3,1,12) x(1,1,13) x(3,1,13) x(1,1,14) x(3,1,14) x(3,1,15) x(3,1,16) 
x(1,2,2) x(1,2,3) x(2,2,3) x(1,2,4) x(2,2,4) x(1,2,5) x(1,2,6) x(1,2,7) 
x(2,1,7) x(1,1,8) x(1,1,9) x(1,1,10) 
x(2,2,9) x(3,2,9) x(2,2,10) x(3,2,10) x(1,2,11) x(2,2,11) x(3,2,11) x(3,2,12) x(3,2,13) 
x(2,1,14) x(3,1,12) x(1,1,13) x(3,1,13) x(1,1,14) x(3,1,14) x(3,1,15) x(3,1,16) x(3,1,17) 
x(3,2,8) x(3,2,9) x(2,2,10) x(3,2,10) x(3,2,11) x(3,2,12) x(3,2,13) x(3,2,14) 
x(2,1,11) x(2,1,12) x(2,1,13) x(2,1,14) x(2,1,15) x(2,1,16) x(2,1,17) x(2,1,18) x(1,1,14) 
x(1,3,10) x(3,3,10) x(3,3,11) x(3,3,12) x(3,3,13) x(3,3,14) 
x(2,1,12) x(2,1,13) x(2,1,14) x(2,1,15) x(1,1,11) x(1,1,12) x(1,1,13) x(3,1,13) x(1,1,14) x(3,1,14) x(1,1,15) x(3,1,15) 
x(1,2,0) x(2,2,0) x(3,2,0) x(1,2,1) x(2,2,1) x(3,2,1) x(1,2,2) x(2,2,2) x(3,2,2) 
x(1,2,3) x(1,2,4) x(2,2,4) x(1,2,5) x(2,2,5) x(1,2,6) x(1,2,7) x(1,2,8) 
x(2,1,13) x(2,1,14) x(2,1,15) x(1,1,11) x(1,1,12) x(1,1,13) x(1,1,14) x(3,1,14) x(1,1,15) x(3,1,15) x(1,1,16) 
x(1,3,3) x(3,3,3) x(3,3,4) x(3,3,5) 
x(2,2,11) x(2,2,12) x(2,2,13) x(3,2,15) 
x(2,1,13) x(2,1,14) x(2,1,15) x(2,1,16) x(2,1,17) x(2,1,18) x(1,1,15) x(1,1,16) 
x(2,2,1) x(2,2,2) x(1,2,3) x(2,2,3) x(3,2,3) x(1,2,4) x(2,2,4) x(3,2,4) x(1,2,5) x(2,2,5) x(3,2,5) 
x(2,1,12) x(2,1,13) x(2,1,14) x(2,1,15) x(2,1,16) x(1,1,12) x(1,1,13) x(1,1,14) x(3,1,14) x(1,1,15) x(3,1,15) 
x(2,2,0) x(2,2,1) x(2,2,2) x(1,2,3) x(2,2,3) x(3,2,3) x(1,2,4) x(2,2,4) x(3,2,4) x(2,2,5) 
x(2,1,14) x(2,1,15) x(1,1,11) x(1,1,12) x(1,1,13) x(1,1,14) x(1,1,15) x(3,1,15) x(1,1,16) x(1,1,17) 
x(2,1,5) x(2,1,6) x(3,1,4) 
x(1,3,8) x(2,3,9) x(2,3,10) x(2,3,11) x(2,3,12) 
x(3,1,4) x(3,1,5) x(3,1,6) 
x(1,1,18) x(1,1,19) x(3,1,19) x(1,1,20) x(3,1,20) x(3,1,21) x(3,1,22) 
x(2,1,14) x(1,1,10) x(1,1,11) x(1,1,12) x(1,1,13) x(1,1,14) x(1,1,15) x(1,1,16) x(1,1,17) 
x(2,2,13) x(3,2,15) 
x(1,1,17) x(1,1,18) x(1,1,19) x(1,1,20) x(3,1,21) 
x(1,2,0) x(2,2,0) x(1,2,1) x(1,2,2) x(1,2,3) 
x(1,1,18) x(1,1,19) x(1,1,20) x(3,1,20) x(3,1,21) x(3,1,22) 
x(1,1,19) x(1,1,20) x(3,1,21) x(3,1,22) 
x(1,1,19) x(1,1,20) x(3,1,20) x(3,1,21) x(3,1,22) 
x(2,1,8) x(2,1,9) x(2,1,10) x(1,1,8) x(3,1,8) x(1,1,9) x(3,1,9) x(1,1,10) x(3,1,10) x(3,1,11) 
x(1,1,18) x(1,1,19) x(1,1,20) x(3,1,22) 
x(1,2,8) x(1,2,9) x(1,2,10) x(2,2,10) x(1,2,11) x(1,2,12) 
x(1,1,20) x(3,1,22) 
x(3,2,10) x(2,2,11) x(3,2,11) x(2,2,12) x(3,2,12) x(3,2,13) x(3,2,14) x(3,2,15) 
x(2,2,1) x(2,2,2) x(3,2,2) x(1,2,3) x(2,2,3) x(3,2,3) x(1,2,4) x(2,2,4) x(3,2,4) x(3,2,5) 
x(2,2,5) x(1,2,6) x(2,2,6) x(1,2,7) x(2,2,7) x(3,2,7) x(1,2,8) x(2,2,8) x(3,2,8) x(1,2,9) 
x(1,1,20) x(3,1,20) x(3,1,21) x(3,1,22) 
x(1,2,0) x(2,2,0) x(3,2,0) x(1,2,1) 
x(1,2,0) x(2,2,0) x(3,2,0) x(1,2,1) x(1,2,2) 
x(1,3,8) x(1,3,9) x(1,3,10) x(2,3,9) x(2,3,10) x(2,3,11) x(2,3,12) 
x(1,2,0) x(2,2,0) x(3,2,0) x(2,2,1) x(2,2,2) 
x(2,2,0) x(3,2,0) x(2,2,1) x(3,2,1) x(3,2,2) x(3,2,3) x(3,2,4) 
x(2,2,0) x(2,2,1) x(2,2,2) x(2,2,3) x(2,2,4) 
x(1,2,0) x(2,2,0) x(3,2,0) x(3,2,1) x(3,2,2) 
x(1,2,4) x(1,2,5) x(2,2,5) x(1,2,6) x(2,2,6) x(1,2,7) x(1,2,8) x(1,2,9) 
x(3,1,18) x(3,1,19) x(1,1,20) x(3,1,20) x(3,1,21) x(3,1,22) 
x(1,2,0) x(2,2,0) x(3,2,0) x(1,2,1) x(2,2,1) x(3,2,1) 
x(1,3,11) x(1,3,12) x(2,3,10) x(2,3,11) x(2,3,12) x(2,3,13) x(2,3,14) x(2,3,15) 
x(1,2,0) x(2,2,0) x(1,2,1) x(2,2,1) x(3,2,1) x(1,2,2) x(1,2,3) 
x(2,2,0) x(3,2,0) x(1,2,1) x(2,2,1) x(3,2,1) x(1,2,2) x(2,2,2) x(3,2,2) x(3,2,3) 
x(2,2,0) x(1,2,1) x(2,2,1) x(3,2,1) x(1,2,2) x(2,2,2) x(3,2,2) x(2,2,3) 
x(1,2,0) x(2,2,0) x(1,2,1) x(2,2,1) x(1,2,2) x(2,2,2) x(3,2,2) x(1,2,3) x(1,2,4) 
x(1,2,1) x(1,2,2) x(2,2,2) x(1,2,3) x(2,2,3) x(1,2,4) x(1,2,5) x(1,2,6) 
x(2,2,2) x(2,2,3) x(2,2,4) x(2,2,5) x(2,2,6) x(2,2,7) x(2,2,8) x(2,2,9) 
x(2,2,0) x(1,2,1) x(2,2,1) x(1,2,2) x(2,2,2) x(3,2,2) x(1,2,3) x(2,2,3) x(3,2,3) x(1,2,4) 
x(1,2,6) x(1,2,7) x(2,2,7) x(1,2,8) x(2,2,8) x(1,2,9) x(1,2,10) x(1,2,11) 
x(1,1,9) x(1,1,10) x(1,1,11) x(1,1,12) x(1,1,13) x(1,1,14) x(1,1,15) x(1,1,16) x(1,1,17) 
x(2,2,0) x(2,2,1) x(1,2,2) x(2,2,2) x(3,2,2) x(1,2,3) x(2,2,3) x(3,2,3) x(2,2,4) 
x(2,1,9) x(2,1,10) x(1,1,8) x(1,1,9) x(1,1,10) x(3,1,10) x(1,1,11) x(1,1,12) 
x(2,1,10) x(2,1,11) x(1,1,8) x(1,1,9) x(1,1,10) x(1,1,11) x(3,1,11) x(1,1,12) x(1,1,13) 
x(1,2,7) x(1,2,8) x(2,2,8) x(1,2,9) x(2,2,9) x(1,2,10) x(1,2,11) x(1,2,12) 
x(2,2,0) x(2,2,1) x(2,2,2) x(1,2,3) x(2,2,3) x(3,2,3) x(2,2,4) x(2,2,5) 
x(2,2,0) x(2,2,1) x(1,2,2) x(2,2,2) x(3,2,2) x(1,2,3) x(2,2,3) x(3,2,3) x(1,2,4) x(2,2,4) x(3,2,4) 
x(2,2,1) x(1,2,2) x(2,2,2) x(1,2,3) x(2,2,3) x(3,2,3) x(1,2,4) x(2,2,4) x(3,2,4) x(1,2,5) 
x(3,1,18) x(1,1,19) x(3,1,19) x(1,1,20) x(3,1,20) x(3,1,21) x(3,1,22) 
x(1,2,11) x(1,2,12) x(2,2,13) 
x(2,2,2) x(1,2,3) x(2,2,3) x(1,2,4) x(2,2,4) x(3,2,4) x(1,2,5) x(2,2,5) x(3,2,5) x(1,2,6) 
x(2,2,1) x(2,2,2) x(2,2,3) x(1,2,4) x(2,2,4) x(3,2,4) x(1,2,5) x(2,2,5) x(3,2,5) x(2,2,6) 
x(3,2,6) x(2,2,7) x(3,2,7) x(2,2,8) x(3,2,8) x(3,2,9) x(3,2,10) x(3,2,11) 
x(3,3,20) x(3,3,21) x(2,3,20) 
x(2,2,2) x(2,2,3) x(3,2,3) x(1,2,4) x(2,2,4) x(3,2,4) x(1,2,5) x(2,2,5) x(3,2,5) x(3,2,6) 
x(1,2,0) x(2,2,0) x(3,2,0) x(3,2,1) 
x(1,2,3) x(2,2,3) x(1,2,4) x(2,2,4) x(1,2,5) x(2,2,5) x(3,2,5) x(1,2,6) x(1,2,7) 
x(2,2,3) x(3,2,3) x(2,2,4) x(3,2,4) x(1,2,5) x(2,2,5) x(3,2,5) x(3,2,6) x(3,2,7) 
x(3,2,0) x(2,2,1) x(3,2,1) x(2,2,2) x(3,2,2) x(3,2,3) x(3,2,4) x(3,2,5) 
x(2,2,4) x(2,2,5) x(3,2,5) x(1,2,6) x(2,2,6) x(3,2,6) x(1,2,7) x(2,2,7) x(3,2,7) x(3,2,8) 
x(2,2,2) x(2,2,3) x(1,2,4) x(2,2,4) x(3,2,4) x(1,2,5) x(2,2,5) x(3,2,5) x(1,2,6) x(2,2,6) x(3,2,6) 
x(1,3,8) x(1,3,9) x(1,3,10) x(1,3,11) x(2,3,9) x(2,3,10) x(2,3,11) x(2,3,12) 
x(2,2,3) x(1,2,4) x(2,2,4) x(1,2,5) x(2,2,5) x(3,2,5) x(1,2,6) x(2,2,6) x(3,2,6) x(1,2,7) 
x(1,3,3) x(1,3,4) x(1,3,5) x(1,3,6) x(1,3,7) x(1,3,8) 
x(2,1,6) x(2,1,7) x(3,1,7) x(1,1,8) x(1,1,9) 
x(2,1,13) x(2,1,14) x(2,1,15) x(2,1,16) x(2,1,17) x(2,1,18) x(1,1,14) x(1,1,15) x(1,1,16) x(3,1,16) 
x(2,2,10) x(2,2,11) x(2,2,12) x(2,2,13) x(3,2,13) x(3,2,14) 
x(2,2,12) x(2,2,13) x(3,2,16) 
x(2,2,2) x(2,2,3) x(2,2,4) x(2,2,5) x(2,2,6) x(2,2,7) x(2,2,8) x(2,2,9) x(2,2,10) 
x(2,2,2) x(2,2,3) x(2,2,4) x(1,2,5) x(2,2,5) x(3,2,5) x(1,2,6) x(2,2,6) x(3,2,6) x(2,2,7) 
x(3,2,5) x(3,2,6) x(2,2,7) x(3,2,7) x(3,2,8) x(3,2,9) x(3,2,10) x(3,2,11) 
x(2,2,3) x(2,2,4) x(3,2,4) x(1,2,5) x(2,2,5) x(3,2,5) x(1,2,6) x(2,2,6) x(3,2,6) x(3,2,7) 
x(2,1,15) x(2,1,16) x(2,1,17) x(2,1,18) x(1,1,16) x(1,1,17) x(1,1,18) x(3,1,18) 
x(1,2,4) x(2,2,4) x(1,2,5) x(2,2,5) x(1,2,6) x(2,2,6) x(3,2,6) x(1,2,7) x(1,2,8) 
x(2,1,5) x(2,1,6) x(2,1,7) x(2,1,8) x(2,1,9) x(3,1,7) 
x(2,2,2) x(2,2,3) x(2,2,4) x(2,2,5) x(1,2,6) x(2,2,6) x(3,2,6) x(2,2,7) x(2,2,8) 
x(2,2,3) x(2,2,4) x(1,2,5) x(2,2,5) x(3,2,5) x(1,2,6) x(2,2,6) x(3,2,6) x(1,2,7) x(2,2,7) x(3,2,7) 
x(2,2,4) x(1,2,5) x(2,2,5) x(1,2,6) x(2,2,6) x(3,2,6) x(1,2,7) x(2,2,7) x(3,2,7) x(1,2,8) 
x(3,2,9) x(3,2,10) x(2,2,11) x(3,2,11) x(3,2,12) x(3,2,13) x(3,2,14) x(3,2,15) 
x(2,2,3) x(2,2,4) x(2,2,5) x(1,2,6) x(2,2,6) x(3,2,6) x(1,2,7) x(2,2,7) x(3,2,7) x(2,2,8) 
x(2,1,5) x(2,1,6) x(2,1,7) x(2,1,8) x(2,1,9) x(2,1,10) 
x(2,2,11) x(2,2,12) x(2,2,13) x(3,2,14) x(3,2,15) 
x(2,1,10) x(2,1,11) x(2,1,12) x(2,1,13) x(2,1,14) x(2,1,15) x(2,1,16) x(2,1,17) x(1,1,13) 
x(1,2,5) x(2,2,5) x(1,2,6) x(2,2,6) x(1,2,7) x(2,2,7) x(3,2,7) x(1,2,8) x(1,2,9) 
x(2,2,4) x(2,2,5) x(1,2,6) x(2,2,6) x(3,2,6) x(1,2,7) x(2,2,7) x(3,2,7) x(1,2,8) x(2,2,8) x(3,2,8) 
x(2,1,7) x(2,1,8) x(2,1,9) x(2,1,10) x(2,1,11) x(2,1,12) x(1,1,8) x(1,1,9) x(1,1,10) x(3,1,10) 
x(2,2,3) x(2,2,4) x(2,2,5) x(2,2,6) x(1,2,7) x(2,2,7) x(3,2,7) x(2,2,8) x(2,2,9) 
x(2,2,4) x(2,2,5) x(2,2,6) x(1,2,7) x(2,2,7) x(3,2,7) x(1,2,8) x(2,2,8) x(3,2,8) x(2,2,9) 
x(2,2,13) x(3,2,13) x(3,2,14) x(3,2,15) x(3,2,16) x(3,2,17) 
x(2,2,3) x(2,2,4) x(2,2,5) x(2,2,6) x(2,2,7) x(2,2,8) x(2,2,9) x(2,2,10) 
x(1,2,6) x(1,2,7) x(1,2,8) x(2,2,8) x(1,2,9) x(1,2,10) x(1,2,11) x(1,2,12) 
x(1,3,6) x(1,3,7) x(1,3,8) x(1,3,9) x(1,3,10) x(1,3,11) x(2,3,9) x(2,3,10) 
x(2,2,5) x(2,2,6) x(1,2,7) x(2,2,7) x(3,2,7) x(1,2,8) x(2,2,8) x(3,2,8) x(1,2,9) x(2,2,9) x(3,2,9) 
x(1,3,4) x(1,3,5) x(1,3,6) x(1,3,7) x(1,3,8) x(1,3,9) x(1,3,10) 
x(2,2,5) x(2,2,6) x(2,2,7) x(1,2,8) x(2,2,8) x(3,2,8) x(1,2,9) x(2,2,9) x(3,2,9) x(2,2,10) 
x(2,2,6) x(2,2,7) x(3,2,7) x(1,2,8) x(2,2,8) x(3,2,8) x(1,2,9) x(2,2,9) x(3,2,9) x(3,2,10) 
x(1,2,11) x(1,2,12) x(2,2,12) x(2,2,13) 
x(1,3,6) x(1,3,7) x(1,3,8) x(1,3,9) x(1,3,10) x(3,3,10) x(2,3,9) x(2,3,10) 
x(1,2,1) x(2,2,1) x(1,2,2) x(2,2,2) x(1,2,3) x(2,2,3) x(3,2,3) x(1,2,4) x(1,2,5) 
x(2,2,5) x(2,2,6) x(2,2,7) x(2,2,8) x(1,2,9) x(2,2,9) x(3,2,9) x(2,2,10) x(2,2,11) 
x(2,2,5) x(2,2,6) x(2,2,7) x(2,2,8) x(2,2,9) x(2,2,10) x(2,2,11) x(2,2,12) 
x(2,1,9) x(2,1,10) x(2,1,11) x(2,1,12) x(2,1,13) x(2,1,14) x(2,1,15) x(2,1,16) x(1,1,12) 
x(2,1,18) x(1,1,18) x(1,1,19) x(1,1,20) x(3,1,20) x(3,1,21) 
x(2,2,7) x(3,2,7) x(2,2,8) x(3,2,8) x(1,2,9) x(2,2,9) x(3,2,9) x(3,2,10) x(3,2,11) 
x(2,1,13) x(2,1,14) x(2,1,15) x(1,1,12) x(1,1,13) x(3,1,13) x(1,1,14) x(3,1,14) x(1,1,15) x(3,1,15) x(3,1,16) 
x(2,2,9) x(2,2,10) x(1,2,11) x(2,2,11) x(3,2,11) x(1,2,12) x(2,2,12) x(3,2,12) x(2,2,13) x(3,2,13) 
x(2,1,12) x(1,1,8) x(1,1,9) x(1,1,10) x(1,1,11) x(1,1,12) x(1,1,13) x(1,1,14) x(1,1,15) 
x(2,1,10) x(2,1,11) x(2,1,12) x(2,1,13) x(1,1,9) x(1,1,10) x(1,1,11) x(3,1,11) x(1,1,12) x(3,1,12) x(1,1,13) x(3,1,13) 
x(2,2,7) x(2,2,8) x(3,2,8) x(1,2,9) x(2,2,9) x(3,2,9) x(1,2,10) x(2,2,10) x(3,2,10) x(3,2,11) 
x(1,2,0) x(1,2,1) x(2,2,1) x(1,2,2) x(1,2,3) x(1,2,4) x(1,2,5) 
x(1,3,13) x(3,3,13) x(3,3,14) x(3,3,15) x(3,3,16) x(3,3,17) 
x(2,2,8) x(3,2,8) x(2,2,9) x(3,2,9) x(1,2,10) x(2,2,10) x(3,2,10) x(3,2,11) x(3,2,12) 
x(3,1,9) x(3,1,10) x(1,1,11) x(3,1,11) x(3,1,12) x(3,1,13) x(3,1,14) x(3,1,15) 
x(2,2,0) x(2,2,1) x(2,2,2) x(2,2,3) 
x(2,2,7) x(2,2,8) x(2,2,9) x(1,2,10) x(2,2,10) x(3,2,10) x(1,2,11) x(2,2,11) x(3,2,11) x(2,2,12) 
x(1,2,2) x(1,2,3) x(1,2,4) x(2,2,4) x(1,2,5) x(1,2,6) x(1,2,7) x(1,2,8) 
x(2,1,15) x(3,1,13) x(1,1,14) x(3,1,14) x(1,1,15) x(3,1,15) x(3,1,16) x(3,1,17) x(3,1,18) 
x(2,2,0) x(2,2,1) x(1,2,2) x(2,2,2) x(3,2,2) x(2,2,3) x(2,2,4) 
x(2,2,7) x(2,2,8) x(2,2,9) x(2,2,10) x(1,2,11) x(2,2,11) x(3,2,11) x(2,2,12) x(2,2,13) 
x(1,2,0) x(2,2,0) x(3,2,0) 
x(2,2,8) x(2,2,9) x(1,2,10) x(2,2,10) x(3,2,10) x(1,2,11) x(2,2,11) x(3,2,11) x(1,2,12) x(2,2,12) x(3,2,12) 
x(2,2,10) x(3,2,10) x(2,2,11) x(3,2,11) x(1,2,12) x(2,2,12) x(3,2,12) x(3,2,13) x(3,2,14) 
x(1,2,0) x(2,2,0) x(1,2,1) x(1,2,2) x(1,2,3) x(1,2,4) 
x(1,3,12) x(1,3,13) x(1,3,14) x(1,3,15) x(3,3,16) x(2,3,14) x(2,3,15) x(2,3,16) 
x(3,2,11) x(2,2,12) x(3,2,12) x(2,2,13) x(3,2,13) x(3,2,14) x(3,2,15) x(3,2,16) 
x(2,2,0) x(3,2,0) x(3,2,1) x(3,2,2) x(3,2,3) x(3,2,4) 
x(2,2,0) x(2,2,1) x(2,2,2) x(2,2,3) x(2,2,4) x(2,2,5) 
x(1,3,6) x(1,3,7) x(1,3,8) x(3,3,8) x(3,3,9) x(3,3,10) 
x(2,1,5) x(3,1,4) x(3,1,5) 
x(1,2,0) x(1,2,1) x(1,2,2) x(2,2,2) x(1,2,3) x(1,2,4) x(1,2,5) x(1,2,6) 
x(2,2,0) x(2,2,1) x(2,2,2) x(2,2,3) x(2,2,4) x(2,2,5) x(2,2,6) 
x(3,2,0) x(3,2,1) x(2,2,2) x(3,2,2) x(3,2,3) x(3,2,4) x(3,2,5) x(3,2,6) 
x(1,3,11) x(1,3,12) x(1,3,13) x(2,3,11) x(2,3,12) x(2,3,13) x(2,3,14) x(2,3,15) 
x(1,1,11) x(1,1,12) x(1,1,13) x(1,1,14) x(1,1,15) x(1,1,16) x(1,1,17) x(1,1,18) x(1,1,19) 
x(3,2,1) x(2,2,2) x(3,2,2) x(2,2,3) x(3,2,3) x(3,2,4) x(3,2,5) x(3,2,6) 
x(1,2,1) x(1,2,2) x(1,2,3) x(2,2,3) x(1,2,4) x(1,2,5) x(1,2,6) x(1,2,7) 
x(3,2,1) x(3,2,2) x(2,2,3) x(3,2,3) x(3,2,4) x(3,2,5) x(3,2,6) x(3,2,7) 
x(3,2,2) x(2,2,3) x(3,2,3) x(2,2,4) x(3,2,4) x(3,2,5) x(3,2,6) x(3,2,7) 
x(3,3,20) x(2,3,18) x(2,3,19) x(2,3,20) 
x(1,3,11) x(1,3,12) x(1,3,13) x(3,3,13) x(3,3,14) x(3,3,15) x(2,3,13) 
x(2,2,0) x(2,2,1) x(2,2,2) x(2,2,3) x(2,2,4) x(2,2,5) x(2,2,6) x(2,2,7) x(2,2,8) 
x(1,3,10) x(1,3,11) x(1,3,12) x(1,3,13) x(1,3,14) x(3,3,14) x(2,3,12) x(2,3,13) x(2,3,14) 
x(3,2,2) x(3,2,3) x(2,2,4) x(3,2,4) x(3,2,5) x(3,2,6) x(3,2,7) x(3,2,8) 
x(2,2,6) x(3,2,6) x(2,2,7) x(3,2,7) x(1,2,8) x(2,2,8) x(3,2,8) x(3,2,9) x(3,2,10) 
x(2,2,1) x(2,2,2) x(2,2,3) x(2,2,4) x(2,2,5) x(2,2,6) x(2,2,7) x(2,2,8) 
x(1,2,3) x(1,2,4) x(1,2,5) x(2,2,5) x(1,2,6) x(1,2,7) x(1,2,8) x(1,2,9) 
x(2,2,1) x(2,2,2) x(2,2,3) x(2,2,4) x(2,2,5) x(2,2,6) x(2,2,7) x(2,2,8) x(2,2,9) 
x(2,2,5) x(2,2,6) x(2,2,7) x(2,2,8) x(2,2,9) x(2,2,10) x(2,2,11) x(2,2,12) x(2,2,13) 
x(3,2,3) x(3,2,4) x(2,2,5) x(3,2,5) x(3,2,6) x(3,2,7) x(3,2,8) x(3,2,9) 
x(3,2,4) x(2,2,5) x(3,2,5) x(2,2,6) x(3,2,6) x(3,2,7) x(3,2,8) x(3,2,9) 
x(3,2,4) x(3,2,5) x(2,2,6) x(3,2,6) x(3,2,7) x(3,2,8) x(3,2,9) x(3,2,10) 
x(3,2,5) x(2,2,6) x(3,2,6) x(2,2,7) x(3,2,7) x(3,2,8) x(3,2,9) x(3,2,10) 
x(2,1,10) x(2,1,11) x(2,1,12) x(1,1,9) x(1,1,10) x(3,1,10) x(1,1,11) x(3,1,11) x(1,1,12) x(3,1,12) x(3,1,13) 
x(1,2,5) x(1,2,6) x(1,2,7) x(2,2,7) x(1,2,8) x(1,2,9) x(1,2,10) x(1,2,11) 
x(2,2,3) x(2,2,4) x(2,2,5) x(2,2,6) x(2,2,7) x(2,2,8) x(2,2,9) x(2,2,10) x(2,2,11) 
x(1,3,11) x(1,3,12) x(3,3,12) x(3,3,13) x(3,3,14) x(3,3,15) 
x(2,2,4) x(2,2,5) x(2,2,6) x(2,2,7) x(2,2,8) x(2,2,9) x(2,2,10) x(2,2,11) 
x(2,1,15) x(2,1,16) x(1,1,14) x(3,1,14) x(1,1,15) x(3,1,15) x(1,1,16) x(3,1,16) x(3,1,17) x(3,1,18) 
x(2,2,4) x(2,2,5) x(2,2,6) x(2,2,7) x(2,2,8) x(2,2,9) x(2,2,10) x(2,2,11) x(2,2,12) 
x(3,2,6) x(3,2,7) x(2,2,8) x(3,2,8) x(3,2,9) x(3,2,10) x(3,2,11) x(3,2,12) 
x(3,2,7) x(2,2,8) x(3,2,8) x(2,2,9) x(3,2,9) x(3,2,10) x(3,2,11) x(3,2,12) 
x(1,1,8) x(1,1,9) x(1,1,10) x(1,1,11) x(1,1,12) x(1,1,13) x(1,1,14) x(1,1,15) 
x(1,2,7) x(1,2,8) x(1,2,9) x(2,2,9) x(1,2,10) x(1,2,11) x(1,2,12) 
x(3,2,7) x(3,2,8) x(2,2,9) x(3,2,9) x(3,2,10) x(3,2,11) x(3,2,12) x(3,2,13) 
x(2,2,6) x(2,2,7) x(2,2,8) x(2,2,9) x(2,2,10) x(2,2,11) x(2,2,12) x(2,2,13) 
x(3,2,8) x(2,2,9) x(3,2,9) x(2,2,10) x(3,2,10) x(3,2,11) x(3,2,12) x(3,2,13) 
x(2,1,8) x(2,1,9) x(2,1,10) x(2,1,11) x(2,1,12) x(2,1,13) x(2,1,14) x(1,1,10) x(1,1,11) 
x(1,2,9) x(1,2,10) x(2,2,10) x(1,2,11) x(2,2,11) x(1,2,12) 
x(2,1,11) x(2,1,12) x(2,1,13) x(2,1,14) x(2,1,15) x(1,1,11) x(1,1,12) x(1,1,13) x(3,1,13) x(1,1,14) x(3,1,14) 
x(2,2,12) x(2,2,13) x(3,2,14) x(3,2,15) 
x(2,2,7) x(2,2,8) x(2,2,9) x(2,2,10) x(2,2,11) x(2,2,12) x(2,2,13) 
x(1,2,10) x(1,2,11) x(1,2,12) x(2,2,12) 
x(2,2,10) x(2,2,11) x(3,2,11) x(1,2,12) x(2,2,12) x(3,2,12) x(2,2,13) x(3,2,13) x(3,2,14) 
x(2,1,14) x(2,1,15) x(2,1,16) x(1,1,12) x(1,1,13) x(1,1,14) x(1,1,15) x(3,1,15) x(1,1,16) x(3,1,16) x(1,1,17) 
x(1,2,11) x(2,2,11) x(1,2,12) x(2,2,12) x(2,2,13) x(3,2,13) 
x(1,3,9) x(2,3,9) x(2,3,10) x(2,3,11) x(2,3,12) x(2,3,13) 
x(2,2,9) x(2,2,10) x(2,2,11) x(2,2,12) x(2,2,13) x(3,2,13) 
x(2,2,11) x(3,2,11) x(2,2,12) x(3,2,12) x(2,2,13) x(3,2,13) x(3,2,14) x(3,2,15) 
x(2,2,12) x(2,2,13) x(3,2,15) x(3,2,16) 
x(1,3,10) x(1,3,11) x(1,3,12) x(2,3,10) x(2,3,11) x(2,3,12) x(2,3,13) x(2,3,14) 
x(2,2,9) x(2,2,10) x(2,2,11) x(2,2,12) x(2,2,13) 
x(1,3,7) x(1,3,8) x(1,3,9) x(1,3,10) x(3,3,10) x(3,3,11) x(2,3,9) x(2,3,10) 
x(2,1,17) x(2,1,18) x(1,1,18) x(1,1,19) x(1,1,20) x(3,1,20) 
x(2,2,8) x(2,2,9) x(2,2,10) x(2,2,11) x(1,2,12) x(2,2,12) x(3,2,12) x(2,2,13) 
x(2,2,10) x(2,2,11) x(1,2,12) x(2,2,12) x(3,2,12) x(2,2,13) x(3,2,13) x(3,2,14) 
x(2,2,12) x(2,2,13) x(3,2,13) x(3,2,14) x(3,2,15) x(3,2,16) 
x(2,2,11) x(2,2,12) x(2,2,13) x(3,2,13) x(3,2,14) x(3,2,15) 
x(2,2,12) x(2,2,13) x(3,2,14) x(3,2,15) x(3,2,16) 
x(1,1,19) x(3,1,19) x(1,1,20) x(3,1,20) x(3,1,21) x(3,1,22) 
x(2,2,13) x(3,2,15) x(3,2,16) 
x(3,2,14) x(3,2,15) x(3,2,16) x(3,2,17) x(3,2,18) 
