f(1,0)(1) 1
x(1,2,0)(0.375) x(1,2,1)(0) x(1,2,2)(0) x(2,2,0)(0.375) x(3,2,0)(0.125) 0.875
e(1,2,0)(0.625) 0.625
x(2,2,0)(0.375) x(2,2,1)(0) x(2,2,2)(0.125) x(1,2,0)(0.375) x(3,2,0)(0.125) 1
e(2,2,0)(0.625) 0.625
x(3,2,0)(0.125) x(1,2,0)(0.375) x(2,2,0)(0.375) 0.875
e(3,2,0)(0.875) 0.875
f(1,1)(1) 1
x(1,2,1)(0) x(1,2,0)(0.375) x(1,2,2)(0) x(1,2,3)(0.125) x(2,2,0)(0.375) x(2,2,1)(0) x(3,2,1)(0) 0.875
e(1,2,1)(0.625) 0.625
x(2,2,1)(0) x(2,2,0)(0.375) x(2,2,2)(0.125) x(2,2,3)(0.125) x(1,2,1)(0) x(3,2,1)(0) 0.625
e(2,2,1)(0.625) 0.625
x(3,2,1)(0) x(3,2,0)(0.125) x(1,2,0)(0.375) x(1,2,1)(0) x(2,2,0)(0.375) x(2,2,1)(0) 0.875
e(3,2,1)(0.875) 0.875
f(1,2)(1) 1
x(1,2,2)(0) x(1,2,0)(0.375) x(1,2,1)(0) x(1,2,3)(0.125) x(1,2,4)(0) x(2,2,0)(0.375) x(2,2,1)(0) x(2,2,2)(0.125) x(3,2,2)(0) 1
e(1,2,2)(0.625) 0.625
x(2,2,2)(0.125) x(2,2,0)(0.375) x(2,2,1)(0) x(2,2,3)(0.125) x(2,2,4)(0) x(1,2,2)(0) x(3,2,2)(0) 0.625
e(2,2,2)(0.5) 0.5
x(3,2,2)(0) x(3,2,0)(0.125) x(3,2,1)(0) x(1,2,0)(0.375) x(1,2,1)(0) x(1,2,2)(0) x(2,2,0)(0.375) x(2,2,1)(0) x(2,2,2)(0.125) 1
e(3,2,2)(0.875) 0.875
f(1,3)(1) 1
x(1,2,3)(0.125) x(1,2,1)(0) x(1,2,2)(0) x(1,2,4)(0) x(1,2,5)(0.25) x(2,2,1)(0) x(2,2,2)(0.125) x(2,2,3)(0.125) x(3,2,3)(0.125) 0.75
e(1,2,3)(0.5) 0.5
x(2,2,3)(0.125) x(2,2,0)(0.375) x(2,2,1)(0) x(2,2,2)(0.125) x(2,2,4)(0) x(2,2,5)(0.125) x(1,2,3)(0.125) x(3,2,3)(0.125) 1
e(2,2,3)(0.375) 0.375
x(3,2,3)(0.125) x(3,2,1)(0) x(3,2,2)(0) x(1,2,1)(0) x(1,2,2)(0) x(1,2,3)(0.125) x(2,2,0)(0.375) x(2,2,1)(0) x(2,2,2)(0.125) x(2,2,3)(0.125) 0.875
e(3,2,3)(0.75) 0.75
f(1,4)(1) 1
x(1,2,4)(0) x(1,2,2)(0) x(1,2,3)(0.125) x(1,2,5)(0.25) x(1,2,6)(0.125) x(2,2,2)(0.125) x(2,2,3)(0.125) x(2,2,4)(0) x(3,2,4)(0.125) 0.875
e(1,2,4)(0.5) 0.5
x(2,2,4)(0) x(2,2,0)(0.375) x(2,2,1)(0) x(2,2,2)(0.125) x(2,2,3)(0.125) x(2,2,5)(0.125) x(2,2,6)(0.125) x(1,2,4)(0) x(3,2,4)(0.125) 1
e(2,2,4)(0.375) 0.375
x(3,2,4)(0.125) x(3,2,2)(0) x(3,2,3)(0.125) x(1,2,2)(0) x(1,2,3)(0.125) x(1,2,4)(0) x(2,2,0)(0.375) x(2,2,1)(0) x(2,2,2)(0.125) x(2,2,3)(0.125) x(2,2,4)(0) 1
e(3,2,4)(0.625) 0.625
f(1,5)(0.75) 0.75
x(1,2,5)(0.25) x(1,2,3)(0.125) x(1,2,4)(0) x(1,2,6)(0.125) x(1,2,7)(0.125) x(2,2,3)(0.125) x(2,2,4)(0) x(2,2,5)(0.125) x(3,2,5)(0) 0.875
e(1,2,5)(0.25) 0.25
x(2,2,5)(0.125) x(2,2,1)(0) x(2,2,2)(0.125) x(2,2,3)(0.125) x(2,2,4)(0) x(2,2,6)(0.125) x(2,2,7)(0) x(1,2,5)(0.25) x(3,2,5)(0) 0.75
e(2,2,5)(0.25) 0.25
x(3,2,5)(0) x(3,2,3)(0.125) x(3,2,4)(0.125) x(1,2,3)(0.125) x(1,2,4)(0) x(1,2,5)(0.25) x(2,2,1)(0) x(2,2,2)(0.125) x(2,2,3)(0.125) x(2,2,4)(0) x(2,2,5)(0.125) 1
e(3,2,5)(0.625) 0.625
f(1,6)(0.625) 0.625
x(1,2,6)(0.125) x(1,2,4)(0) x(1,2,5)(0.25) x(1,2,7)(0.125) x(1,2,8)(0) x(2,2,4)(0) x(2,2,5)(0.125) x(2,2,6)(0.125) x(3,2,6)(0) 0.75
e(1,2,6)(0.125) 0.125
x(2,2,6)(0.125) x(2,2,2)(0.125) x(2,2,3)(0.125) x(2,2,4)(0) x(2,2,5)(0.125) x(2,2,7)(0) x(2,2,8)(0.125) x(1,2,6)(0.125) x(3,2,6)(0) 0.75
e(2,2,6)(0.125) 0.125
x(3,2,6)(0) x(3,2,4)(0.125) x(3,2,5)(0) x(1,2,4)(0) x(1,2,5)(0.25) x(1,2,6)(0.125) x(2,2,2)(0.125) x(2,2,3)(0.125) x(2,2,4)(0) x(2,2,5)(0.125) x(2,2,6)(0.125) 1
e(3,2,6)(0.625) 0.625
f(1,7)(0.25) 0.25
x(1,2,7)(0.125) x(1,2,5)(0.25) x(1,2,6)(0.125) x(1,2,8)(0) x(1,2,9)(0) x(2,2,5)(0.125) x(2,2,6)(0.125) x(2,2,7)(0) x(3,2,7)(0.125) 0.875
e(1,2,7)(0) 0
x(2,2,7)(0) x(2,2,3)(0.125) x(2,2,4)(0) x(2,2,5)(0.125) x(2,2,6)(0.125) x(2,2,8)(0.125) x(2,2,9)(0) x(1,2,7)(0.125) x(3,2,7)(0.125) 0.75
e(2,2,7)(0.125) 0.125
x(3,2,7)(0.125) x(3,2,5)(0) x(3,2,6)(0) x(1,2,5)(0.25) x(1,2,6)(0.125) x(1,2,7)(0.125) x(2,2,3)(0.125) x(2,2,4)(0) x(2,2,5)(0.125) x(2,2,6)(0.125) x(2,2,7)(0) 1
e(3,2,7)(0.5) 0.5
f(1,8)(0) 0
x(1,2,8)(0) x(1,2,6)(0.125) x(1,2,7)(0.125) x(1,2,9)(0) x(1,2,10)(0) x(2,2,6)(0.125) x(2,2,7)(0) x(2,2,8)(0.125) x(3,2,8)(0) 0.5
e(1,2,8)(0) 0
x(2,2,8)(0.125) x(2,2,4)(0) x(2,2,5)(0.125) x(2,2,6)(0.125) x(2,2,7)(0) x(2,2,9)(0) x(2,2,10)(0) x(1,2,8)(0) x(3,2,8)(0) 0.375
e(2,2,8)(0) 0
x(3,2,8)(0) x(3,2,6)(0) x(3,2,7)(0.125) x(1,2,6)(0.125) x(1,2,7)(0.125) x(1,2,8)(0) x(2,2,4)(0) x(2,2,5)(0.125) x(2,2,6)(0.125) x(2,2,7)(0) x(2,2,8)(0.125) 0.75
e(3,2,8)(0.5) 0.5
f(1,9)(0) 0
x(1,2,9)(0) x(1,2,7)(0.125) x(1,2,8)(0) x(1,2,10)(0) x(1,2,11)(0) x(2,2,7)(0) x(2,2,8)(0.125) x(2,2,9)(0) x(3,2,9)(0.375) 0.625
e(1,2,9)(0) 0
x(2,2,9)(0) x(2,2,5)(0.125) x(2,2,6)(0.125) x(2,2,7)(0) x(2,2,8)(0.125) x(2,2,10)(0) x(2,2,11)(0) x(1,2,9)(0) x(3,2,9)(0.375) 0.75
e(2,2,9)(0) 0
x(3,2,9)(0.375) x(3,2,7)(0.125) x(3,2,8)(0) x(1,2,7)(0.125) x(1,2,8)(0) x(1,2,9)(0) x(2,2,5)(0.125) x(2,2,6)(0.125) x(2,2,7)(0) x(2,2,8)(0.125) x(2,2,9)(0) 1
e(3,2,9)(0.125) 0.125
f(1,10)(0) 0
x(1,2,10)(0) x(1,2,8)(0) x(1,2,9)(0) x(1,2,11)(0) x(1,2,12)(0) x(2,2,8)(0.125) x(2,2,9)(0) x(2,2,10)(0) x(3,2,10)(0) 0.125
e(1,2,10)(0) 0
x(2,2,10)(0) x(2,2,6)(0.125) x(2,2,7)(0) x(2,2,8)(0.125) x(2,2,9)(0) x(2,2,11)(0) x(2,2,12)(0) x(1,2,10)(0) x(3,2,10)(0) 0.25
e(2,2,10)(0) 0
x(3,2,10)(0) x(3,2,8)(0) x(3,2,9)(0.375) x(1,2,8)(0) x(1,2,9)(0) x(1,2,10)(0) x(2,2,6)(0.125) x(2,2,7)(0) x(2,2,8)(0.125) x(2,2,9)(0) x(2,2,10)(0) 0.625
e(3,2,10)(0.125) 0.125
f(1,11)(0) 0
x(1,2,11)(0) x(1,2,9)(0) x(1,2,10)(0) x(1,2,12)(0) x(2,2,9)(0) x(2,2,10)(0) x(2,2,11)(0) x(3,2,11)(0.125) 0.125
e(1,2,11)(0) 0
x(2,2,11)(0) x(2,2,7)(0) x(2,2,8)(0.125) x(2,2,9)(0) x(2,2,10)(0) x(2,2,12)(0) x(2,2,13)(0) x(1,2,11)(0) x(3,2,11)(0.125) 0.25
e(2,2,11)(0) 0
x(3,2,11)(0.125) x(3,2,9)(0.375) x(3,2,10)(0) x(1,2,9)(0) x(1,2,10)(0) x(1,2,11)(0) x(2,2,7)(0) x(2,2,8)(0.125) x(2,2,9)(0) x(2,2,10)(0) x(2,2,11)(0) 0.625
e(3,2,11)(0) 0
f(1,12)(0) 0
x(1,2,12)(0) x(1,2,10)(0) x(1,2,11)(0) x(2,2,10)(0) x(2,2,11)(0) x(2,2,12)(0) x(3,2,12)(0) 0
e(1,2,12)(0) 0
x(2,2,12)(0) x(2,2,8)(0.125) x(2,2,9)(0) x(2,2,10)(0) x(2,2,11)(0) x(2,2,13)(0) x(1,2,12)(0) x(3,2,12)(0) 0.125
e(2,2,12)(0) 0
x(3,2,12)(0) x(3,2,10)(0) x(3,2,11)(0.125) x(1,2,10)(0) x(1,2,11)(0) x(1,2,12)(0) x(2,2,8)(0.125) x(2,2,9)(0) x(2,2,10)(0) x(2,2,11)(0) x(2,2,12)(0) 0.25
e(3,2,12)(0) 0
f(1,13)(0) 0
x(2,2,13)(0) x(2,2,9)(0) x(2,2,10)(0) x(2,2,11)(0) x(2,2,12)(0) x(3,2,13)(0) 0
e(2,2,13)(0) 0
x(3,2,13)(0) x(3,2,11)(0.125) x(3,2,12)(0) x(1,2,11)(0) x(1,2,12)(0) x(2,2,9)(0) x(2,2,10)(0) x(2,2,11)(0) x(2,2,12)(0) x(2,2,13)(0) 0.125
e(3,2,13)(0) 0
f(1,14)(0.125) 0.125
x(3,2,14)(0) x(3,2,12)(0) x(3,2,13)(0) x(1,2,12)(0) x(2,2,10)(0) x(2,2,11)(0) x(2,2,12)(0) x(2,2,13)(0) 0
e(3,2,14)(0) 0
f(1,15)(0.125) 0.125
x(3,2,15)(0) x(3,2,13)(0) x(3,2,14)(0) x(2,2,11)(0) x(2,2,12)(0) x(2,2,13)(0) 0
e(3,2,15)(0) 0
f(1,16)(0) 0
x(3,2,16)(0) x(3,2,14)(0) x(3,2,15)(0) x(2,2,12)(0) x(2,2,13)(0) 0
e(3,2,16)(0) 0
f(1,17)(0.125) 0.125
x(3,2,17)(0) x(3,2,15)(0) x(3,2,16)(0) x(2,2,13)(0) 0
e(3,2,17)(0) 0
f(1,18)(0.25) 0.25
x(3,2,18)(0) x(3,2,16)(0) x(3,2,17)(0) 0
e(3,2,18)(0) 0
f(1,19)(0.75) 0.75
f(1,20)(1) 1
f(1,21)(1) 1
f(1,22)(1) 1
f(1,23)(1) 1
f(1,24)(1) 1
f(1,25)(1) 1
f(2,0)(0.125) 0.125
f(2,1)(0.125) 0.125
f(2,2)(0) 0
f(2,3)(0.125) 0.125
x(1,3,3)(0.125) x(1,3,4)(0.25) x(1,3,5)(0) x(3,3,5)(0) x(3,3,4)(0) x(3,3,3)(0.125) 0.5
e(1,3,3)(0.25) 0.25
x(3,3,3)(0.125) x(1,3,3)(0.125) 0.25
e(3,3,3)(0) 0
f(2,4)(0) 0
x(1,3,4)(0.25) x(1,3,3)(0.125) x(1,3,5)(0) x(1,3,6)(0.125) x(3,3,6)(0.125) x(3,3,5)(0) x(3,3,4)(0) 0.625
e(1,3,4)(0) 0
x(3,3,4)(0) x(1,3,3)(0.125) x(1,3,4)(0.25) 0.375
e(3,3,4)(0) 0
f(2,5)(0) 0
x(1,3,5)(0) x(1,3,3)(0.125) x(1,3,4)(0.25) x(1,3,6)(0.125) x(1,3,7)(0) x(3,3,7)(0.125) x(3,3,6)(0.125) x(3,3,5)(0) 0.75
e(1,3,5)(0) 0
x(2,1,5)(0.25) x(2,1,6)(0) x(2,1,7)(0.25) x(3,1,5)(0) 0.5
e(2,1,5)(0.125) 0.125
x(3,3,5)(0) x(1,3,3)(0.125) x(1,3,4)(0.25) x(1,3,5)(0) 0.375
e(3,3,5)(0) 0
f(2,6)(0) 0
x(1,3,6)(0.125) x(1,3,3)(0.125) x(1,3,4)(0.25) x(1,3,5)(0) x(1,3,7)(0) x(1,3,8)(0.25) x(3,3,8)(0) x(3,3,7)(0.125) x(3,3,6)(0.125) 1
e(1,3,6)(0) 0
x(2,1,6)(0) x(2,1,5)(0.25) x(2,1,7)(0.25) x(2,1,8)(0) x(3,1,6)(0.125) 0.625
e(2,1,6)(0.125) 0.125
x(3,3,6)(0.125) x(1,3,3)(0.125) x(1,3,4)(0.25) x(1,3,5)(0) x(1,3,6)(0.125) 0.625
e(3,3,6)(0) 0
f(2,7)(0) 0
x(1,3,7)(0) x(1,3,3)(0.125) x(1,3,4)(0.25) x(1,3,5)(0) x(1,3,6)(0.125) x(1,3,8)(0.25) x(1,3,9)(0.125) x(3,3,9)(0) x(3,3,8)(0) x(3,3,7)(0.125) 1
e(1,3,7)(0) 0
x(2,1,7)(0.25) x(2,1,5)(0.25) x(2,1,6)(0) x(2,1,8)(0) x(2,1,9)(0.125) x(3,1,7)(0.125) 0.75
e(2,1,7)(0) 0
x(3,3,7)(0.125) x(1,3,3)(0.125) x(1,3,4)(0.25) x(1,3,5)(0) x(1,3,6)(0.125) x(1,3,7)(0) 0.625
e(3,3,7)(0) 0
f(2,8)(0.25) 0.25
x(1,3,8)(0.25) x(1,3,4)(0.25) x(1,3,5)(0) x(1,3,6)(0.125) x(1,3,7)(0) x(1,3,9)(0.125) x(1,3,10)(0.125) x(3,3,10)(0.125) x(3,3,9)(0) x(3,3,8)(0) 1
e(1,3,8)(0) 0
x(2,1,8)(0) x(2,1,5)(0.25) x(2,1,6)(0) x(2,1,7)(0.25) x(2,1,9)(0.125) x(2,1,10)(0.125) x(1,1,8)(0.125) x(3,1,8)(0.125) 1
e(2,1,8)(0.125) 0.125
x(3,3,8)(0) x(1,3,4)(0.25) x(1,3,5)(0) x(1,3,6)(0.125) x(1,3,7)(0) x(1,3,8)(0.25) 0.625
e(3,3,8)(0) 0
f(2,9)(0) 0
x(1,3,9)(0.125) x(1,3,5)(0) x(1,3,6)(0.125) x(1,3,7)(0) x(1,3,8)(0.25) x(1,3,10)(0.125) x(1,3,11)(0) x(2,3,9)(0.25) x(3,3,11)(0) x(3,3,10)(0.125) x(3,3,9)(0) 1
e(1,3,9)(0) 0
x(2,1,9)(0.125) x(2,1,6)(0) x(2,1,7)(0.25) x(2,1,8)(0) x(2,1,10)(0.125) x(2,1,11)(0.125) x(1,1,8)(0.125) x(1,1,9)(0.25) x(3,1,9)(0) 1
e(2,1,9)(0) 0
x(3,3,9)(0) x(1,3,5)(0) x(1,3,6)(0.125) x(1,3,7)(0) x(1,3,8)(0.25) x(1,3,9)(0.125) x(2,3,9)(0.25) 0.75
e(3,3,9)(0) 0
f(2,10)(0.375) 0.375
x(1,3,10)(0.125) x(1,3,6)(0.125) x(1,3,7)(0) x(1,3,8)(0.25) x(1,3,9)(0.125) x(1,3,11)(0) x(1,3,12)(0) x(2,3,10)(0) x(3,3,12)(0) x(3,3,11)(0) x(3,3,10)(0.125) 0.75
e(1,3,10)(0) 0
x(2,1,10)(0.125) x(2,1,7)(0.25) x(2,1,8)(0) x(2,1,9)(0.125) x(2,1,11)(0.125) x(2,1,12)(0) x(1,1,8)(0.125) x(1,1,9)(0.25) x(1,1,10)(0) x(3,1,10)(0) 1
e(2,1,10)(0) 0
x(3,3,10)(0.125) x(1,3,6)(0.125) x(1,3,7)(0) x(1,3,8)(0.25) x(1,3,9)(0.125) x(1,3,10)(0.125) x(2,3,9)(0.25) x(2,3,10)(0) 1
e(3,3,10)(0) 0
f(2,11)(0.375) 0.375
x(1,3,11)(0) x(1,3,7)(0) x(1,3,8)(0.25) x(1,3,9)(0.125) x(1,3,10)(0.125) x(1,3,12)(0) x(1,3,13)(0) x(2,3,11)(0) x(3,3,13)(0.125) x(3,3,12)(0) x(3,3,11)(0) 0.625
e(1,3,11)(0) 0
x(2,1,11)(0.125) x(2,1,8)(0) x(2,1,9)(0.125) x(2,1,10)(0.125) x(2,1,12)(0) x(2,1,13)(0.125) x(1,1,9)(0.25) x(1,1,10)(0) x(1,1,11)(0.125) x(3,1,11)(0.125) 1
e(2,1,11)(0) 0
x(3,3,11)(0) x(1,3,7)(0) x(1,3,8)(0.25) x(1,3,9)(0.125) x(1,3,10)(0.125) x(1,3,11)(0) x(2,3,9)(0.25) x(2,3,10)(0) x(2,3,11)(0) 0.75
e(3,3,11)(0) 0
f(2,12)(0.75) 0.75
x(1,3,12)(0) x(1,3,8)(0.25) x(1,3,9)(0.125) x(1,3,10)(0.125) x(1,3,11)(0) x(1,3,13)(0) x(1,3,14)(0) x(2,3,12)(0.125) x(3,3,14)(0.25) x(3,3,13)(0.125) x(3,3,12)(0) 1
e(1,3,12)(0) 0
x(2,1,12)(0) x(2,1,9)(0.125) x(2,1,10)(0.125) x(2,1,11)(0.125) x(2,1,13)(0.125) x(2,1,14)(0) x(1,1,10)(0) x(1,1,11)(0.125) x(1,1,12)(0) x(3,1,12)(0) 0.625
e(2,1,12)(0) 0
x(3,3,12)(0) x(1,3,8)(0.25) x(1,3,9)(0.125) x(1,3,10)(0.125) x(1,3,11)(0) x(1,3,12)(0) x(2,3,10)(0) x(2,3,11)(0) x(2,3,12)(0.125) 0.625
e(3,3,12)(0.375) 0.375
f(2,13)(0.875) 0.875
x(1,3,13)(0) x(1,3,9)(0.125) x(1,3,10)(0.125) x(1,3,11)(0) x(1,3,12)(0) x(1,3,14)(0) x(1,3,15)(0) x(2,3,13)(0) x(3,3,15)(0) x(3,3,14)(0.25) x(3,3,13)(0.125) 0.625
e(1,3,13)(0) 0
x(2,1,13)(0.125) x(2,1,10)(0.125) x(2,1,11)(0.125) x(2,1,12)(0) x(2,1,14)(0) x(2,1,15)(0) x(1,1,11)(0.125) x(1,1,12)(0) x(1,1,13)(0.125) x(3,1,13)(0) 0.625
e(2,1,13)(0) 0
x(3,3,13)(0.125) x(1,3,9)(0.125) x(1,3,10)(0.125) x(1,3,11)(0) x(1,3,12)(0) x(1,3,13)(0) x(2,3,11)(0) x(2,3,12)(0.125) x(2,3,13)(0) 0.5
e(3,3,13)(0.25) 0.25
f(2,14)(1) 1
x(1,3,14)(0) x(1,3,10)(0.125) x(1,3,11)(0) x(1,3,12)(0) x(1,3,13)(0) x(1,3,15)(0) x(2,3,14)(0) x(3,3,16)(0.125) x(3,3,15)(0) x(3,3,14)(0.25) 0.5
e(1,3,14)(0) 0
x(2,1,14)(0) x(2,1,11)(0.125) x(2,1,12)(0) x(2,1,13)(0.125) x(2,1,15)(0) x(2,1,16)(0) x(1,1,12)(0) x(1,1,13)(0.125) x(1,1,14)(0.25) x(3,1,14)(0.125) 0.75
e(2,1,14)(0) 0
x(3,3,14)(0.25) x(1,3,10)(0.125) x(1,3,11)(0) x(1,3,12)(0) x(1,3,13)(0) x(1,3,14)(0) x(2,3,12)(0.125) x(2,3,13)(0) x(2,3,14)(0) 0.5
e(3,3,14)(0.125) 0.125
f(2,15)(1) 1
x(1,3,15)(0) x(1,3,11)(0) x(1,3,12)(0) x(1,3,13)(0) x(1,3,14)(0) x(2,3,15)(0.5) x(3,3,17)(0) x(3,3,16)(0.125) x(3,3,15)(0) 0.625
e(1,3,15)(0) 0
x(2,1,15)(0) x(2,1,12)(0) x(2,1,13)(0.125) x(2,1,14)(0) x(2,1,16)(0) x(2,1,17)(0) x(1,1,13)(0.125) x(1,1,14)(0.25) x(1,1,15)(0.125) x(3,1,15)(0) 0.625
e(2,1,15)(0) 0
x(3,3,15)(0) x(1,3,11)(0) x(1,3,12)(0) x(1,3,13)(0) x(1,3,14)(0) x(1,3,15)(0) x(2,3,13)(0) x(2,3,14)(0) x(2,3,15)(0.5) 0.5
e(3,3,15)(0.125) 0.125
f(2,16)(1) 1
x(2,1,16)(0) x(2,1,13)(0.125) x(2,1,14)(0) x(2,1,15)(0) x(2,1,17)(0) x(2,1,18)(0) x(1,1,14)(0.25) x(1,1,15)(0.125) x(1,1,16)(0) x(3,1,16)(0.25) 0.75
e(2,1,16)(0) 0
x(3,3,16)(0.125) x(1,3,12)(0) x(1,3,13)(0) x(1,3,14)(0) x(1,3,15)(0) x(2,3,14)(0) x(2,3,15)(0.5) x(2,3,16)(0) 0.625
e(3,3,16)(0) 0
f(2,17)(1) 1
x(2,1,17)(0) x(2,1,14)(0) x(2,1,15)(0) x(2,1,16)(0) x(2,1,18)(0) x(1,1,15)(0.125) x(1,1,16)(0) x(1,1,17)(0) x(3,1,17)(0.125) 0.25
e(2,1,17)(0) 0
x(3,3,17)(0) x(1,3,13)(0) x(1,3,14)(0) x(1,3,15)(0) x(2,3,15)(0.5) x(2,3,16)(0) x(2,3,17)(0.125) 0.625
e(3,3,17)(0) 0
f(2,18)(1) 1
x(2,1,18)(0) x(2,1,15)(0) x(2,1,16)(0) x(2,1,17)(0) x(1,1,16)(0) x(1,1,17)(0) x(1,1,18)(0) x(3,1,18)(0) 0
e(2,1,18)(0) 0
x(3,3,18)(0) x(1,3,14)(0) x(1,3,15)(0) x(2,3,16)(0) x(2,3,17)(0.125) x(2,3,18)(0) 0.125
e(3,3,18)(0) 0
f(2,19)(1) 1
x(3,3,19)(0) x(1,3,15)(0) x(2,3,17)(0.125) x(2,3,18)(0) x(2,3,19)(0) 0.125
e(3,3,19)(0) 0
f(2,20)(1) 1
x(3,3,20)(0) x(2,3,18)(0) x(2,3,19)(0) x(2,3,20)(0) 0
e(3,3,20)(0) 0
f(2,21)(1) 1
x(3,3,21)(0) x(2,3,19)(0) x(2,3,20)(0) x(2,3,21)(0) 0
e(3,3,21)(0) 0
f(2,22)(1) 1
f(2,23)(1) 1
f(2,24)(1) 1
f(2,25)(1) 1
f(3,0)(1) 1
f(3,1)(1) 1
f(3,2)(1) 1
f(3,3)(0.75) 0.75
f(3,4)(0.625) 0.625
x(3,1,4)(0) 0
e(3,1,4)(0.125) 0.125
f(3,5)(0.625) 0.625
x(3,1,5)(0) x(3,1,4)(0) x(2,1,5)(0.25) 0.25
e(3,1,5)(0.125) 0.125
f(3,6)(0.375) 0.375
x(3,1,6)(0.125) x(3,1,4)(0) x(3,1,5)(0) x(2,1,5)(0.25) x(2,1,6)(0) 0.375
e(3,1,6)(0) 0
f(3,7)(0.375) 0.375
x(3,1,7)(0.125) x(3,1,5)(0) x(3,1,6)(0.125) x(2,1,5)(0.25) x(2,1,6)(0) x(2,1,7)(0.25) 0.75
e(3,1,7)(0) 0
f(3,8)(0.375) 0.375
x(1,1,8)(0.125) x(1,1,9)(0.25) x(1,1,10)(0) x(2,1,7)(0.25) x(2,1,8)(0) x(3,1,8)(0.125) 0.75
e(1,1,8)(0) 0
x(3,1,8)(0.125) x(3,1,6)(0.125) x(3,1,7)(0.125) x(1,1,8)(0.125) x(2,1,5)(0.25) x(2,1,6)(0) x(2,1,7)(0.25) x(2,1,8)(0) 1
e(3,1,8)(0) 0
f(3,9)(0.25) 0.25
x(1,1,9)(0.25) x(1,1,8)(0.125) x(1,1,10)(0) x(1,1,11)(0.125) x(2,1,8)(0) x(2,1,9)(0.125) x(3,1,9)(0) 0.625
e(1,1,9)(0) 0
x(2,3,9)(0.25) x(2,3,10)(0) x(2,3,11)(0) x(1,3,7)(0) x(1,3,8)(0.25) x(1,3,9)(0.125) x(3,3,11)(0) x(3,3,10)(0.125) x(3,3,9)(0) 0.75
e(2,3,9)(0) 0
x(3,1,9)(0) x(3,1,7)(0.125) x(3,1,8)(0.125) x(1,1,8)(0.125) x(1,1,9)(0.25) x(2,1,6)(0) x(2,1,7)(0.25) x(2,1,8)(0) x(2,1,9)(0.125) 1
e(3,1,9)(0) 0
f(3,10)(0) 0
x(1,1,10)(0) x(1,1,8)(0.125) x(1,1,9)(0.25) x(1,1,11)(0.125) x(1,1,12)(0) x(2,1,9)(0.125) x(2,1,10)(0.125) x(3,1,10)(0) 0.75
e(1,1,10)(0) 0
x(2,3,10)(0) x(2,3,9)(0.25) x(2,3,11)(0) x(2,3,12)(0.125) x(1,3,8)(0.25) x(1,3,9)(0.125) x(1,3,10)(0.125) x(3,3,12)(0) x(3,3,11)(0) x(3,3,10)(0.125) 1
e(2,3,10)(0) 0
x(3,1,10)(0) x(3,1,8)(0.125) x(3,1,9)(0) x(1,1,8)(0.125) x(1,1,9)(0.25) x(1,1,10)(0) x(2,1,7)(0.25) x(2,1,8)(0) x(2,1,9)(0.125) x(2,1,10)(0.125) 1
e(3,1,10)(0) 0
f(3,11)(0.25) 0.25
x(1,1,11)(0.125) x(1,1,8)(0.125) x(1,1,9)(0.25) x(1,1,10)(0) x(1,1,12)(0) x(1,1,13)(0.125) x(2,1,10)(0.125) x(2,1,11)(0.125) x(3,1,11)(0.125) 1
e(1,1,11)(0) 0
x(2,3,11)(0) x(2,3,9)(0.25) x(2,3,10)(0) x(2,3,12)(0.125) x(2,3,13)(0) x(1,3,9)(0.125) x(1,3,10)(0.125) x(1,3,11)(0) x(3,3,13)(0.125) x(3,3,12)(0) x(3,3,11)(0) 0.75
e(2,3,11)(0.25) 0.25
x(3,1,11)(0.125) x(3,1,9)(0) x(3,1,10)(0) x(1,1,8)(0.125) x(1,1,9)(0.25) x(1,1,10)(0) x(1,1,11)(0.125) x(2,1,8)(0) x(2,1,9)(0.125) x(2,1,10)(0.125) x(2,1,11)(0.125) 1
e(3,1,11)(0) 0
f(3,12)(0.375) 0.375
x(1,1,12)(0) x(1,1,8)(0.125) x(1,1,9)(0.25) x(1,1,10)(0) x(1,1,11)(0.125) x(1,1,13)(0.125) x(1,1,14)(0.25) x(2,1,11)(0.125) x(2,1,12)(0) x(3,1,12)(0) 1
e(1,1,12)(0) 0
x(2,3,12)(0.125) x(2,3,10)(0) x(2,3,11)(0) x(2,3,13)(0) x(2,3,14)(0) x(1,3,10)(0.125) x(1,3,11)(0) x(1,3,12)(0) x(3,3,14)(0.25) x(3,3,13)(0.125) x(3,3,12)(0) 0.625
e(2,3,12)(0.125) 0.125
x(3,1,12)(0) x(3,1,10)(0) x(3,1,11)(0.125) x(1,1,8)(0.125) x(1,1,9)(0.25) x(1,1,10)(0) x(1,1,11)(0.125) x(1,1,12)(0) x(2,1,9)(0.125) x(2,1,10)(0.125) x(2,1,11)(0.125) x(2,1,12)(0) 1
e(3,1,12)(0) 0
f(3,13)(0.5) 0.5
x(1,1,13)(0.125) x(1,1,9)(0.25) x(1,1,10)(0) x(1,1,11)(0.125) x(1,1,12)(0) x(1,1,14)(0.25) x(1,1,15)(0.125) x(2,1,12)(0) x(2,1,13)(0.125) x(3,1,13)(0) 1
e(1,1,13)(0.125) 0.125
x(2,3,13)(0) x(2,3,11)(0) x(2,3,12)(0.125) x(2,3,14)(0) x(2,3,15)(0.5) x(1,3,11)(0) x(1,3,12)(0) x(1,3,13)(0) x(3,3,15)(0) x(3,3,14)(0.25) x(3,3,13)(0.125) 1
e(2,3,13)(0.25) 0.25
x(3,1,13)(0) x(3,1,11)(0.125) x(3,1,12)(0) x(1,1,9)(0.25) x(1,1,10)(0) x(1,1,11)(0.125) x(1,1,12)(0) x(1,1,13)(0.125) x(2,1,10)(0.125) x(2,1,11)(0.125) x(2,1,12)(0) x(2,1,13)(0.125) 1
e(3,1,13)(0) 0
f(3,14)(0.5) 0.5
x(1,1,14)(0.25) x(1,1,10)(0) x(1,1,11)(0.125) x(1,1,12)(0) x(1,1,13)(0.125) x(1,1,15)(0.125) x(1,1,16)(0) x(2,1,13)(0.125) x(2,1,14)(0) x(3,1,14)(0.125) 0.875
e(1,1,14)(0) 0
x(2,3,14)(0) x(2,3,12)(0.125) x(2,3,13)(0) x(2,3,15)(0.5) x(2,3,16)(0) x(1,3,12)(0) x(1,3,13)(0) x(1,3,14)(0) x(3,3,16)(0.125) x(3,3,15)(0) x(3,3,14)(0.25) 1
e(2,3,14)(0.375) 0.375
x(3,1,14)(0.125) x(3,1,12)(0) x(3,1,13)(0) x(1,1,10)(0) x(1,1,11)(0.125) x(1,1,12)(0) x(1,1,13)(0.125) x(1,1,14)(0.25) x(2,1,11)(0.125) x(2,1,12)(0) x(2,1,13)(0.125) x(2,1,14)(0) 0.875
e(3,1,14)(0) 0
f(3,15)(0.5) 0.5
x(1,1,15)(0.125) x(1,1,11)(0.125) x(1,1,12)(0) x(1,1,13)(0.125) x(1,1,14)(0.25) x(1,1,16)(0) x(1,1,17)(0) x(2,1,14)(0) x(2,1,15)(0) x(3,1,15)(0) 0.625
e(1,1,15)(0) 0
x(2,3,15)(0.5) x(2,3,13)(0) x(2,3,14)(0) x(2,3,16)(0) x(2,3,17)(0.125) x(1,3,13)(0) x(1,3,14)(0) x(1,3,15)(0) x(3,3,17)(0) x(3,3,16)(0.125) x(3,3,15)(0) 0.75
e(2,3,15)(0) 0
x(3,1,15)(0) x(3,1,13)(0) x(3,1,14)(0.125) x(1,1,11)(0.125) x(1,1,12)(0) x(1,1,13)(0.125) x(1,1,14)(0.25) x(1,1,15)(0.125) x(2,1,12)(0) x(2,1,13)(0.125) x(2,1,14)(0) x(2,1,15)(0) 0.875
e(3,1,15)(0.25) 0.25
f(3,16)(0.375) 0.375
x(1,1,16)(0) x(1,1,12)(0) x(1,1,13)(0.125) x(1,1,14)(0.25) x(1,1,15)(0.125) x(1,1,17)(0) x(1,1,18)(0) x(2,1,15)(0) x(2,1,16)(0) x(3,1,16)(0.25) 0.75
e(1,1,16)(0) 0
x(2,3,16)(0) x(2,3,14)(0) x(2,3,15)(0.5) x(2,3,17)(0.125) x(2,3,18)(0) x(1,3,14)(0) x(1,3,15)(0) x(3,3,18)(0) x(3,3,17)(0) x(3,3,16)(0.125) 0.75
e(2,3,16)(0) 0
x(3,1,16)(0.25) x(3,1,14)(0.125) x(3,1,15)(0) x(1,1,12)(0) x(1,1,13)(0.125) x(1,1,14)(0.25) x(1,1,15)(0.125) x(1,1,16)(0) x(2,1,13)(0.125) x(2,1,14)(0) x(2,1,15)(0) x(2,1,16)(0) 1
e(3,1,16)(0) 0
f(3,17)(0.375) 0.375
x(1,1,17)(0) x(1,1,13)(0.125) x(1,1,14)(0.25) x(1,1,15)(0.125) x(1,1,16)(0) x(1,1,18)(0) x(1,1,19)(0) x(2,1,16)(0) x(2,1,17)(0) x(3,1,17)(0.125) 0.625
e(1,1,17)(0) 0
x(2,3,17)(0.125) x(2,3,15)(0.5) x(2,3,16)(0) x(2,3,18)(0) x(2,3,19)(0) x(1,3,15)(0) x(3,3,19)(0) x(3,3,18)(0) x(3,3,17)(0) 0.625
e(2,3,17)(0) 0
x(3,1,17)(0.125) x(3,1,15)(0) x(3,1,16)(0.25) x(1,1,13)(0.125) x(1,1,14)(0.25) x(1,1,15)(0.125) x(1,1,16)(0) x(1,1,17)(0) x(2,1,14)(0) x(2,1,15)(0) x(2,1,16)(0) x(2,1,17)(0) 0.875
e(3,1,17)(0) 0
f(3,18)(0.875) 0.875
x(1,1,18)(0) x(1,1,14)(0.25) x(1,1,15)(0.125) x(1,1,16)(0) x(1,1,17)(0) x(1,1,19)(0) x(1,1,20)(0) x(2,1,17)(0) x(2,1,18)(0) x(3,1,18)(0) 0.375
e(1,1,18)(0) 0
x(2,3,18)(0) x(2,3,16)(0) x(2,3,17)(0.125) x(2,3,19)(0) x(2,3,20)(0) x(3,3,20)(0) x(3,3,19)(0) x(3,3,18)(0) 0.125
e(2,3,18)(0) 0
x(3,1,18)(0) x(3,1,16)(0.25) x(3,1,17)(0.125) x(1,1,14)(0.25) x(1,1,15)(0.125) x(1,1,16)(0) x(1,1,17)(0) x(1,1,18)(0) x(2,1,15)(0) x(2,1,16)(0) x(2,1,17)(0) x(2,1,18)(0) 0.75
e(3,1,18)(0) 0
f(3,19)(0.875) 0.875
x(1,1,19)(0) x(1,1,15)(0.125) x(1,1,16)(0) x(1,1,17)(0) x(1,1,18)(0) x(1,1,20)(0) x(2,1,18)(0) x(3,1,19)(0) 0.125
e(1,1,19)(0) 0
x(2,3,19)(0) x(2,3,17)(0.125) x(2,3,18)(0) x(2,3,20)(0) x(2,3,21)(0) x(3,3,21)(0) x(3,3,20)(0) x(3,3,19)(0) 0.125
e(2,3,19)(0) 0
x(3,1,19)(0) x(3,1,17)(0.125) x(3,1,18)(0) x(1,1,15)(0.125) x(1,1,16)(0) x(1,1,17)(0) x(1,1,18)(0) x(1,1,19)(0) x(2,1,16)(0) x(2,1,17)(0) x(2,1,18)(0) 0.25
e(3,1,19)(0) 0
f(3,20)(1) 1
x(1,1,20)(0) x(1,1,16)(0) x(1,1,17)(0) x(1,1,18)(0) x(1,1,19)(0) x(3,1,20)(0) 0
e(1,1,20)(0) 0
x(2,3,20)(0) x(2,3,18)(0) x(2,3,19)(0) x(2,3,21)(0) x(2,3,22)(0) x(3,3,21)(0) x(3,3,20)(0) 0
e(2,3,20)(0) 0
x(3,1,20)(0) x(3,1,18)(0) x(3,1,19)(0) x(1,1,16)(0) x(1,1,17)(0) x(1,1,18)(0) x(1,1,19)(0) x(1,1,20)(0) x(2,1,17)(0) x(2,1,18)(0) 0
e(3,1,20)(0) 0
f(3,21)(1) 1
x(2,3,21)(0) x(2,3,19)(0) x(2,3,20)(0) x(2,3,22)(0) x(3,3,21)(0) 0
e(2,3,21)(0) 0
x(3,1,21)(0) x(3,1,19)(0) x(3,1,20)(0) x(1,1,17)(0) x(1,1,18)(0) x(1,1,19)(0) x(1,1,20)(0) x(2,1,18)(0) 0
e(3,1,21)(0) 0
f(3,22)(1) 1
x(2,3,22)(0) x(2,3,20)(0) x(2,3,21)(0) 0
e(2,3,22)(0) 0
x(3,1,22)(0) x(3,1,20)(0) x(3,1,21)(0) x(1,1,18)(0) x(1,1,19)(0) x(1,1,20)(0) 0
e(3,1,22)(0) 0
f(3,23)(1) 1
f(3,24)(1) 1
f(3,25)(1) 1
C(19.125) 19.125
