machine 1 time 0
machine 2 time 0
x(1,2,0)
x(2,2,0)
x(3,2,0)
machine 3 time 0
machine 1 time 1
machine 2 time 1
x(1,2,0)
x(1,2,1)
x(2,2,0)
x(2,2,1)
x(3,2,0)
x(3,2,1)
machine 3 time 1
machine 1 time 2
machine 2 time 2
x(1,2,0)
x(1,2,1)
x(1,2,2)
x(2,2,0)
x(2,2,1)
x(2,2,2)
x(3,2,0)
x(3,2,1)
x(3,2,2)
machine 3 time 2
machine 1 time 3
machine 2 time 3
x(1,2,1)
x(1,2,2)
x(1,2,3)
x(2,2,0)
x(2,2,1)
x(2,2,2)
x(2,2,3)
x(3,2,1)
x(3,2,2)
x(3,2,3)
machine 3 time 3
x(1,3,3)
x(3,3,3)
machine 1 time 4
x(3,1,4)
machine 2 time 4
x(1,2,2)
x(1,2,3)
x(1,2,4)
x(2,2,0)
x(2,2,1)
x(2,2,2)
x(2,2,3)
x(2,2,4)
x(3,2,2)
x(3,2,3)
x(3,2,4)
machine 3 time 4
x(1,3,3)
x(1,3,4)
x(3,3,4)
machine 1 time 5
x(2,1,5)
x(3,1,4)
x(3,1,5)
machine 2 time 5
x(1,2,3)
x(1,2,4)
x(1,2,5)
x(2,2,1)
x(2,2,2)
x(2,2,3)
x(2,2,4)
x(2,2,5)
x(3,2,3)
x(3,2,4)
x(3,2,5)
machine 3 time 5
x(1,3,3)
x(1,3,4)
x(1,3,5)
x(3,3,5)
machine 1 time 6
x(2,1,5)
x(2,1,6)
x(3,1,4)
x(3,1,5)
x(3,1,6)
machine 2 time 6
x(1,2,4)
x(1,2,5)
x(1,2,6)
x(2,2,2)
x(2,2,3)
x(2,2,4)
x(2,2,5)
x(2,2,6)
x(3,2,4)
x(3,2,5)
x(3,2,6)
machine 3 time 6
x(1,3,3)
x(1,3,4)
x(1,3,5)
x(1,3,6)
x(3,3,6)
machine 1 time 7
x(2,1,5)
x(2,1,6)
x(2,1,7)
x(3,1,5)
x(3,1,6)
x(3,1,7)
machine 2 time 7
x(1,2,5)
x(1,2,6)
x(1,2,7)
x(2,2,3)
x(2,2,4)
x(2,2,5)
x(2,2,6)
x(2,2,7)
x(3,2,5)
x(3,2,6)
x(3,2,7)
machine 3 time 7
x(1,3,3)
x(1,3,4)
x(1,3,5)
x(1,3,6)
x(1,3,7)
x(3,3,7)
machine 1 time 8
x(1,1,8)
x(2,1,5)
x(2,1,6)
x(2,1,7)
x(2,1,8)
x(3,1,6)
x(3,1,7)
x(3,1,8)
machine 2 time 8
x(1,2,6)
x(1,2,7)
x(1,2,8)
x(2,2,4)
x(2,2,5)
x(2,2,6)
x(2,2,7)
x(2,2,8)
x(3,2,6)
x(3,2,7)
x(3,2,8)
machine 3 time 8
x(1,3,4)
x(1,3,5)
x(1,3,6)
x(1,3,7)
x(1,3,8)
x(3,3,8)
machine 1 time 9
x(1,1,8)
x(1,1,9)
x(2,1,6)
x(2,1,7)
x(2,1,8)
x(2,1,9)
x(3,1,7)
x(3,1,8)
x(3,1,9)
machine 2 time 9
x(1,2,7)
x(1,2,8)
x(1,2,9)
x(2,2,5)
x(2,2,6)
x(2,2,7)
x(2,2,8)
x(2,2,9)
x(3,2,7)
x(3,2,8)
x(3,2,9)
machine 3 time 9
x(1,3,5)
x(1,3,6)
x(1,3,7)
x(1,3,8)
x(1,3,9)
x(2,3,9)
x(3,3,9)
machine 1 time 10
x(1,1,8)
x(1,1,9)
x(1,1,10)
x(2,1,7)
x(2,1,8)
x(2,1,9)
x(2,1,10)
x(3,1,8)
x(3,1,9)
x(3,1,10)
machine 2 time 10
x(1,2,8)
x(1,2,9)
x(1,2,10)
x(2,2,6)
x(2,2,7)
x(2,2,8)
x(2,2,9)
x(2,2,10)
x(3,2,8)
x(3,2,9)
x(3,2,10)
machine 3 time 10
x(1,3,6)
x(1,3,7)
x(1,3,8)
x(1,3,9)
x(1,3,10)
x(2,3,9)
x(2,3,10)
x(3,3,10)
machine 1 time 11
x(1,1,8)
x(1,1,9)
x(1,1,10)
x(1,1,11)
x(2,1,8)
x(2,1,9)
x(2,1,10)
x(2,1,11)
x(3,1,9)
x(3,1,10)
x(3,1,11)
machine 2 time 11
x(1,2,9)
x(1,2,10)
x(1,2,11)
x(2,2,7)
x(2,2,8)
x(2,2,9)
x(2,2,10)
x(2,2,11)
x(3,2,9)
x(3,2,10)
x(3,2,11)
machine 3 time 11
x(1,3,7)
x(1,3,8)
x(1,3,9)
x(1,3,10)
x(1,3,11)
x(2,3,9)
x(2,3,10)
x(2,3,11)
x(3,3,11)
machine 1 time 12
x(1,1,8)
x(1,1,9)
x(1,1,10)
x(1,1,11)
x(1,1,12)
x(2,1,9)
x(2,1,10)
x(2,1,11)
x(2,1,12)
x(3,1,10)
x(3,1,11)
x(3,1,12)
machine 2 time 12
x(1,2,10)
x(1,2,11)
x(1,2,12)
x(2,2,8)
x(2,2,9)
x(2,2,10)
x(2,2,11)
x(2,2,12)
x(3,2,10)
x(3,2,11)
x(3,2,12)
machine 3 time 12
x(1,3,8)
x(1,3,9)
x(1,3,10)
x(1,3,11)
x(1,3,12)
x(2,3,10)
x(2,3,11)
x(2,3,12)
x(3,3,12)
machine 1 time 13
x(1,1,9)
x(1,1,10)
x(1,1,11)
x(1,1,12)
x(1,1,13)
x(2,1,10)
x(2,1,11)
x(2,1,12)
x(2,1,13)
x(3,1,11)
x(3,1,12)
x(3,1,13)
machine 2 time 13
x(1,2,11)
x(1,2,12)
x(2,2,9)
x(2,2,10)
x(2,2,11)
x(2,2,12)
x(2,2,13)
x(3,2,11)
x(3,2,12)
x(3,2,13)
machine 3 time 13
x(1,3,9)
x(1,3,10)
x(1,3,11)
x(1,3,12)
x(1,3,13)
x(2,3,11)
x(2,3,12)
x(2,3,13)
x(3,3,13)
machine 1 time 14
x(1,1,10)
x(1,1,11)
x(1,1,12)
x(1,1,13)
x(1,1,14)
x(2,1,11)
x(2,1,12)
x(2,1,13)
x(2,1,14)
x(3,1,12)
x(3,1,13)
x(3,1,14)
machine 2 time 14
x(1,2,12)
x(2,2,10)
x(2,2,11)
x(2,2,12)
x(2,2,13)
x(3,2,12)
x(3,2,13)
x(3,2,14)
machine 3 time 14
x(1,3,10)
x(1,3,11)
x(1,3,12)
x(1,3,13)
x(1,3,14)
x(2,3,12)
x(2,3,13)
x(2,3,14)
x(3,3,14)
machine 1 time 15
x(1,1,11)
x(1,1,12)
x(1,1,13)
x(1,1,14)
x(1,1,15)
x(2,1,12)
x(2,1,13)
x(2,1,14)
x(2,1,15)
x(3,1,13)
x(3,1,14)
x(3,1,15)
machine 2 time 15
x(2,2,11)
x(2,2,12)
x(2,2,13)
x(3,2,13)
x(3,2,14)
x(3,2,15)
machine 3 time 15
x(1,3,11)
x(1,3,12)
x(1,3,13)
x(1,3,14)
x(1,3,15)
x(2,3,13)
x(2,3,14)
x(2,3,15)
x(3,3,15)
machine 1 time 16
x(1,1,12)
x(1,1,13)
x(1,1,14)
x(1,1,15)
x(1,1,16)
x(2,1,13)
x(2,1,14)
x(2,1,15)
x(2,1,16)
x(3,1,14)
x(3,1,15)
x(3,1,16)
machine 2 time 16
x(2,2,12)
x(2,2,13)
x(3,2,14)
x(3,2,15)
x(3,2,16)
machine 3 time 16
x(1,3,12)
x(1,3,13)
x(1,3,14)
x(1,3,15)
x(2,3,14)
x(2,3,15)
x(2,3,16)
x(3,3,16)
machine 1 time 17
x(1,1,13)
x(1,1,14)
x(1,1,15)
x(1,1,16)
x(1,1,17)
x(2,1,14)
x(2,1,15)
x(2,1,16)
x(2,1,17)
x(3,1,15)
x(3,1,16)
x(3,1,17)
machine 2 time 17
x(2,2,13)
x(3,2,15)
x(3,2,16)
x(3,2,17)
machine 3 time 17
x(1,3,13)
x(1,3,14)
x(1,3,15)
x(2,3,15)
x(2,3,16)
x(2,3,17)
x(3,3,17)
machine 1 time 18
x(1,1,14)
x(1,1,15)
x(1,1,16)
x(1,1,17)
x(1,1,18)
x(2,1,15)
x(2,1,16)
x(2,1,17)
x(2,1,18)
x(3,1,16)
x(3,1,17)
x(3,1,18)
machine 2 time 18
x(3,2,16)
x(3,2,17)
x(3,2,18)
machine 3 time 18
x(1,3,14)
x(1,3,15)
x(2,3,16)
x(2,3,17)
x(2,3,18)
x(3,3,18)
machine 1 time 19
x(1,1,15)
x(1,1,16)
x(1,1,17)
x(1,1,18)
x(1,1,19)
x(2,1,16)
x(2,1,17)
x(2,1,18)
x(3,1,17)
x(3,1,18)
x(3,1,19)
machine 2 time 19
x(3,2,17)
x(3,2,18)
machine 3 time 19
x(1,3,15)
x(2,3,17)
x(2,3,18)
x(2,3,19)
x(3,3,19)
machine 1 time 20
x(1,1,16)
x(1,1,17)
x(1,1,18)
x(1,1,19)
x(1,1,20)
x(2,1,17)
x(2,1,18)
x(3,1,18)
x(3,1,19)
x(3,1,20)
machine 2 time 20
x(3,2,18)
machine 3 time 20
x(2,3,18)
x(2,3,19)
x(2,3,20)
x(3,3,20)
machine 1 time 21
x(1,1,17)
x(1,1,18)
x(1,1,19)
x(1,1,20)
x(2,1,18)
x(3,1,19)
x(3,1,20)
x(3,1,21)
machine 2 time 21
machine 3 time 21
x(2,3,19)
x(2,3,20)
x(2,3,21)
x(3,3,21)
machine 1 time 22
x(1,1,18)
x(1,1,19)
x(1,1,20)
x(3,1,20)
x(3,1,21)
x(3,1,22)
machine 2 time 22
machine 3 time 22
x(2,3,20)
x(2,3,21)
x(2,3,22)
machine 1 time 23
x(1,1,19)
x(1,1,20)
x(3,1,21)
x(3,1,22)
machine 2 time 23
machine 3 time 23
x(2,3,21)
x(2,3,22)
