x(1,i,1,3,1)
x(1,3,1,1,3)
x(1,3,1,3,2)
x(1,3,2,1,4)
x(1,3,2,3,3)
x(1,3,3,1,5)
x(1,3,3,3,4)
x(1,3,4,1,6)
x(1,1,3,2,4)
x(1,1,3,1,4)
x(1,1,4,2,5)
x(1,1,4,1,5)
x(1,1,5,2,6)
x(1,1,5,1,6)
x(1,1,6,2,7)
x(1,2,4,f,6)
x(1,2,5,f,7)
x(1,2,6,f,8)
x(1,2,7,f,9)
x(2,i,1,2,1)
x(2,2,1,3,2)
x(2,2,1,2,2)
x(2,2,2,3,3)
x(2,2,2,2,3)
x(2,2,3,3,4)
x(2,2,3,2,4)
x(2,2,4,3,5)
x(2,3,2,1,4)
x(2,3,2,3,3)
x(2,3,3,1,5)
x(2,3,3,3,4)
x(2,3,4,1,6)
x(2,3,4,3,5)
x(2,3,5,1,7)
x(2,1,4,f,6)
x(2,1,5,f,7)
x(2,1,6,f,8)
x(2,1,7,f,9)
x(3,i,1,3,1)
x(3,3,1,2,2)
x(3,3,1,3,2)
x(3,3,2,2,3)
x(3,3,2,3,3)
x(3,3,3,2,4)
x(3,3,3,3,4)
x(3,3,4,2,5)
x(3,3,4,3,5)
x(3,3,5,2,6)
x(3,2,2,1,4)
x(3,2,2,2,3)
x(3,2,3,1,5)
x(3,2,3,2,4)
x(3,2,4,1,6)
x(3,2,4,2,5)
x(3,2,5,1,7)
x(3,2,5,2,6)
x(3,2,6,1,8)
x(3,1,4,f,5)
x(3,1,5,f,6)
x(3,1,6,f,7)
x(3,1,7,f,8)
x(3,1,8,f,9)
