f(1,0)
x(1,2,0)
e(1,2,0)
x(2,4,0)
e(2,4,0)
x(3,4,0)
e(3,4,0)
x(4,1,0)
e(4,1,0)
f(1,1)
x(1,2,1)
e(1,2,1)
x(2,4,1)
e(2,4,1)
x(3,4,1)
e(3,4,1)
x(4,1,1)
e(4,1,1)
f(1,2)
x(1,2,2)
e(1,2,2)
x(2,4,2)
e(2,4,2)
x(3,4,2)
e(3,4,2)
x(4,1,2)
e(4,1,2)
f(1,3)
x(1,2,3)
e(1,2,3)
x(2,4,3)
e(2,4,3)
x(3,4,3)
e(3,4,3)
x(4,1,3)
e(4,1,3)
f(1,4)
x(1,2,4)
e(1,2,4)
x(2,4,4)
e(2,4,4)
x(3,4,4)
e(3,4,4)
x(4,1,4)
e(4,1,4)
f(1,5)
x(1,2,5)
e(1,2,5)
x(2,4,5)
e(2,4,5)
x(3,4,5)
e(3,4,5)
x(4,1,5)
e(4,1,5)
f(1,6)
x(1,2,6)
e(1,2,6)
x(2,4,6)
e(2,4,6)
x(3,4,6)
e(3,4,6)
x(4,1,6)
e(4,1,6)
f(1,7)
x(1,2,7)
e(1,2,7)
x(2,4,7)
e(2,4,7)
x(3,4,7)
e(3,4,7)
x(4,1,7)
e(4,1,7)
f(1,8)
x(1,2,8)
e(1,2,8)
x(2,4,8)
e(2,4,8)
x(3,4,8)
e(3,4,8)
x(4,1,8)
e(4,1,8)
f(1,9)
x(1,2,9)
e(1,2,9)
x(2,4,9)
e(2,4,9)
x(3,4,9)
e(3,4,9)
x(4,1,9)
e(4,1,9)
f(1,10)
x(1,2,10)
e(1,2,10)
x(2,4,10)
e(2,4,10)
x(3,4,10)
e(3,4,10)
x(4,1,10)
e(4,1,10)
f(1,11)
x(1,2,11)
e(1,2,11)
x(2,4,11)
e(2,4,11)
x(3,4,11)
e(3,4,11)
x(4,1,11)
e(4,1,11)
f(1,12)
x(1,2,12)
e(1,2,12)
x(2,4,12)
e(2,4,12)
x(3,4,12)
e(3,4,12)
x(4,1,12)
e(4,1,12)
f(1,13)
x(1,2,13)
e(1,2,13)
x(2,4,13)
e(2,4,13)
x(4,1,13)
e(4,1,13)
f(1,14)
x(1,2,14)
e(1,2,14)
x(2,4,14)
e(2,4,14)
x(4,1,14)
e(4,1,14)
f(1,15)
x(1,2,15)
e(1,2,15)
x(2,4,15)
e(2,4,15)
f(1,16)
x(1,2,16)
e(1,2,16)
x(2,4,16)
e(2,4,16)
f(1,17)
x(1,2,17)
e(1,2,17)
x(2,4,17)
e(2,4,17)
f(1,18)
x(1,2,18)
e(1,2,18)
f(1,19)
x(1,2,19)
e(1,2,19)
f(1,20)
x(1,2,20)
e(1,2,20)
f(1,21)
x(1,2,21)
e(1,2,21)
f(1,22)
f(1,23)
f(1,24)
f(1,25)
f(1,26)
f(1,27)
f(1,28)
f(1,29)
f(1,30)
f(2,0)
f(2,1)
x(1,3,1)
e(1,3,1)
f(2,2)
x(1,3,2)
e(1,3,2)
f(2,3)
x(1,3,3)
e(1,3,3)
x(3,3,3)
e(3,3,3)
f(2,4)
x(1,3,4)
e(1,3,4)
x(2,3,4)
e(2,3,4)
x(3,3,4)
e(3,3,4)
x(4,3,4)
e(4,3,4)
f(2,5)
x(1,3,5)
e(1,3,5)
x(2,3,5)
e(2,3,5)
x(3,3,5)
e(3,3,5)
x(4,3,5)
e(4,3,5)
f(2,6)
x(1,3,6)
e(1,3,6)
x(2,3,6)
e(2,3,6)
x(3,3,6)
e(3,3,6)
x(4,3,6)
e(4,3,6)
f(2,7)
x(1,3,7)
e(1,3,7)
x(2,3,7)
e(2,3,7)
x(3,3,7)
e(3,3,7)
x(4,3,7)
e(4,3,7)
f(2,8)
x(1,3,8)
e(1,3,8)
x(2,3,8)
e(2,3,8)
x(3,3,8)
e(3,3,8)
x(4,3,8)
e(4,3,8)
f(2,9)
x(1,3,9)
e(1,3,9)
x(2,3,9)
e(2,3,9)
x(3,3,9)
e(3,3,9)
x(4,3,9)
e(4,3,9)
f(2,10)
x(1,3,10)
e(1,3,10)
x(2,3,10)
e(2,3,10)
x(3,3,10)
e(3,3,10)
x(4,3,10)
e(4,3,10)
f(2,11)
x(1,3,11)
e(1,3,11)
x(2,3,11)
e(2,3,11)
x(3,3,11)
e(3,3,11)
x(4,3,11)
e(4,3,11)
f(2,12)
x(1,3,12)
e(1,3,12)
x(2,3,12)
e(2,3,12)
x(3,3,12)
e(3,3,12)
x(4,3,12)
e(4,3,12)
f(2,13)
x(1,3,13)
e(1,3,13)
x(2,3,13)
e(2,3,13)
x(3,3,13)
e(3,3,13)
x(4,3,13)
e(4,3,13)
f(2,14)
x(1,3,14)
e(1,3,14)
x(2,3,14)
e(2,3,14)
x(3,3,14)
e(3,3,14)
x(4,3,14)
e(4,3,14)
f(2,15)
x(1,3,15)
e(1,3,15)
x(2,3,15)
e(2,3,15)
x(3,3,15)
e(3,3,15)
x(4,3,15)
e(4,3,15)
f(2,16)
x(1,3,16)
e(1,3,16)
x(2,3,16)
e(2,3,16)
x(4,3,16)
e(4,3,16)
f(2,17)
x(1,3,17)
e(1,3,17)
x(2,3,17)
e(2,3,17)
x(4,3,17)
e(4,3,17)
f(2,18)
x(1,3,18)
e(1,3,18)
x(2,3,18)
e(2,3,18)
x(4,3,18)
e(4,3,18)
f(2,19)
x(1,3,19)
e(1,3,19)
x(2,3,19)
e(2,3,19)
f(2,20)
x(1,3,20)
e(1,3,20)
x(2,3,20)
e(2,3,20)
f(2,21)
x(1,3,21)
e(1,3,21)
x(2,3,21)
e(2,3,21)
f(2,22)
x(1,3,22)
e(1,3,22)
f(2,23)
f(2,24)
f(2,25)
f(2,26)
f(2,27)
f(2,28)
f(2,29)
f(2,30)
f(3,0)
f(3,1)
f(3,2)
f(3,3)
f(3,4)
f(3,5)
f(3,6)
x(1,4,6)
e(1,4,6)
f(3,7)
x(1,4,7)
e(1,4,7)
x(2,1,7)
e(2,1,7)
f(3,8)
x(1,4,8)
e(1,4,8)
x(2,1,8)
e(2,1,8)
x(3,1,8)
e(3,1,8)
x(4,4,8)
e(4,4,8)
f(3,9)
x(1,4,9)
e(1,4,9)
x(2,1,9)
e(2,1,9)
x(3,1,9)
e(3,1,9)
x(4,4,9)
e(4,4,9)
f(3,10)
x(1,4,10)
e(1,4,10)
x(2,1,10)
e(2,1,10)
x(3,1,10)
e(3,1,10)
x(4,4,10)
e(4,4,10)
f(3,11)
x(1,4,11)
e(1,4,11)
x(2,1,11)
e(2,1,11)
x(3,1,11)
e(3,1,11)
x(4,4,11)
e(4,4,11)
f(3,12)
x(1,4,12)
e(1,4,12)
x(2,1,12)
e(2,1,12)
x(3,1,12)
e(3,1,12)
x(4,4,12)
e(4,4,12)
f(3,13)
x(1,4,13)
e(1,4,13)
x(2,1,13)
e(2,1,13)
x(3,1,13)
e(3,1,13)
x(4,4,13)
e(4,4,13)
f(3,14)
x(1,4,14)
e(1,4,14)
x(2,1,14)
e(2,1,14)
x(3,1,14)
e(3,1,14)
x(4,4,14)
e(4,4,14)
f(3,15)
x(1,4,15)
e(1,4,15)
x(2,1,15)
e(2,1,15)
x(3,1,15)
e(3,1,15)
x(4,4,15)
e(4,4,15)
f(3,16)
x(1,4,16)
e(1,4,16)
x(2,1,16)
e(2,1,16)
x(3,1,16)
e(3,1,16)
x(4,4,16)
e(4,4,16)
f(3,17)
x(1,4,17)
e(1,4,17)
x(2,1,17)
e(2,1,17)
x(3,1,17)
e(3,1,17)
x(4,4,17)
e(4,4,17)
f(3,18)
x(1,4,18)
e(1,4,18)
x(2,1,18)
e(2,1,18)
x(3,1,18)
e(3,1,18)
x(4,4,18)
e(4,4,18)
f(3,19)
x(1,4,19)
e(1,4,19)
x(2,1,19)
e(2,1,19)
x(3,1,19)
e(3,1,19)
x(4,4,19)
e(4,4,19)
f(3,20)
x(1,4,20)
e(1,4,20)
x(2,1,20)
e(2,1,20)
x(3,1,20)
e(3,1,20)
x(4,4,20)
e(4,4,20)
f(3,21)
x(1,4,21)
e(1,4,21)
x(2,1,21)
e(2,1,21)
x(4,4,21)
e(4,4,21)
f(3,22)
x(1,4,22)
e(1,4,22)
x(2,1,22)
e(2,1,22)
x(4,4,22)
e(4,4,22)
f(3,23)
x(1,4,23)
e(1,4,23)
x(2,1,23)
e(2,1,23)
f(3,24)
x(1,4,24)
e(1,4,24)
x(2,1,24)
e(2,1,24)
f(3,25)
x(1,4,25)
e(1,4,25)
f(3,26)
x(1,4,26)
e(1,4,26)
f(3,27)
x(1,4,27)
e(1,4,27)
f(3,28)
f(3,29)
f(3,30)
f(4,0)
f(4,1)
f(4,2)
f(4,3)
f(4,4)
f(4,5)
f(4,6)
f(4,7)
x(1,1,7)
e(1,1,7)
f(4,8)
x(1,1,8)
e(1,1,8)
f(4,9)
x(1,1,9)
e(1,1,9)
f(4,10)
x(1,1,10)
e(1,1,10)
x(2,2,10)
e(2,2,10)
f(4,11)
x(1,1,11)
e(1,1,11)
x(2,2,11)
e(2,2,11)
x(4,2,11)
e(4,2,11)
f(4,12)
x(1,1,12)
e(1,1,12)
x(2,2,12)
e(2,2,12)
x(4,2,12)
e(4,2,12)
f(4,13)
x(1,1,13)
e(1,1,13)
x(2,2,13)
e(2,2,13)
x(3,2,13)
e(3,2,13)
x(4,2,13)
e(4,2,13)
f(4,14)
x(1,1,14)
e(1,1,14)
x(2,2,14)
e(2,2,14)
x(3,2,14)
e(3,2,14)
x(4,2,14)
e(4,2,14)
f(4,15)
x(1,1,15)
e(1,1,15)
x(2,2,15)
e(2,2,15)
x(3,2,15)
e(3,2,15)
x(4,2,15)
e(4,2,15)
f(4,16)
x(1,1,16)
e(1,1,16)
x(2,2,16)
e(2,2,16)
x(3,2,16)
e(3,2,16)
x(4,2,16)
e(4,2,16)
f(4,17)
x(1,1,17)
e(1,1,17)
x(2,2,17)
e(2,2,17)
x(3,2,17)
e(3,2,17)
x(4,2,17)
e(4,2,17)
f(4,18)
x(1,1,18)
e(1,1,18)
x(2,2,18)
e(2,2,18)
x(3,2,18)
e(3,2,18)
x(4,2,18)
e(4,2,18)
f(4,19)
x(1,1,19)
e(1,1,19)
x(2,2,19)
e(2,2,19)
x(3,2,19)
e(3,2,19)
x(4,2,19)
e(4,2,19)
f(4,20)
x(1,1,20)
e(1,1,20)
x(2,2,20)
e(2,2,20)
x(3,2,20)
e(3,2,20)
x(4,2,20)
e(4,2,20)
f(4,21)
x(1,1,21)
e(1,1,21)
x(2,2,21)
e(2,2,21)
x(3,2,21)
e(3,2,21)
x(4,2,21)
e(4,2,21)
f(4,22)
x(1,1,22)
e(1,1,22)
x(2,2,22)
e(2,2,22)
x(3,2,22)
e(3,2,22)
x(4,2,22)
e(4,2,22)
f(4,23)
x(1,1,23)
e(1,1,23)
x(2,2,23)
e(2,2,23)
x(3,2,23)
e(3,2,23)
x(4,2,23)
e(4,2,23)
f(4,24)
x(1,1,24)
e(1,1,24)
x(2,2,24)
e(2,2,24)
x(3,2,24)
e(3,2,24)
x(4,2,24)
e(4,2,24)
f(4,25)
x(1,1,25)
e(1,1,25)
x(2,2,25)
e(2,2,25)
x(3,2,25)
e(3,2,25)
x(4,2,25)
e(4,2,25)
f(4,26)
x(1,1,26)
e(1,1,26)
x(2,2,26)
e(2,2,26)
f(4,27)
x(1,1,27)
e(1,1,27)
x(2,2,27)
e(2,2,27)
f(4,28)
x(1,1,28)
e(1,1,28)
f(4,29)
f(4,30)
C
